Surface|pl1|pl1_flag|pl1_hand|pl2|pl2_flag|pl2_hand|Result|DiffProffTime|DiffPts|DiffWeight|DiffHeight|DiffAge|DiffBet
Varioussurfaces|Arinc K.|TUR|Right-Handed|Yashpaul N.|IND|Right-Handed|0.0|1.0|3.0|-0.5|-2.0|0.0|-3.24
Varioussurfaces|Baumgartner S.|CHE|Right-Handed|Domenech Castillo J.|ESP|Left-Handed|0.0|1.0|3.0|-0.5|-2.0|1.0|0.0
Varioussurfaces|Kremenchutskyi I.|UKR|Right-Handed|Kusiewicz P.|POL|Right-Handed|0.0|-1.0|3.0|-0.5|-2.0|-3.0|-2.83
Varioussurfaces|Taddia L.|ITA|Right-Handed|Pecci A.|ITA|Right-Handed|1.0||-3.0|0.5|2.0|1.0|2.9300000000000006
Varioussurfaces|Krajci M.|SVK|Right-Handed|Szoke A.|HUN|Right-Handed|0.0|1.0|3.0|-0.5|-2.0|-4.0|-3.4799999999999995
Varioussurfaces|Chaurasia Y.|IND|Right-Handed|Montakhab A.|IRN|Right-Handed|0.0|-10.0|3.0|-0.5|-2.0|-13.0|-3.24
Varioussurfaces|Urribarrens Ramirez I.|ESP|Right-Handed|Rodenas P.|ESP|Left-Handed|1.0||-3.0|0.5|2.0|0.0|-1.4699999999999998
Varioussurfaces|Cenoz J.|ARG|Right-Handed|Bonetto N.|AUS|Right-Handed|1.0||-3.0|0.5|2.0|0.0|1.3200000000000003
Varioussurfaces|Todoroski M.|ITA|Right-Handed|Schinas S.|GRC|Right-Handed|1.0||-3.0|0.5|2.0|-3.0|3.5599999999999996
Varioussurfaces|Hwang J.|KOR|Right-Handed|Song W.|KOR|Right-Handed|1.0||-3.0|0.5|2.0|0.0|-0.43000000000000016
Varioussurfaces|Troost S.|EST|Right-Handed|Tiainen H.|FIN|Right-Handed|0.0|1.0|3.0|-0.5|-2.0|0.0|-2.4000000000000004
Varioussurfaces|Tasevski A.|ITA|Right-Handed|Petrovic L.|AUS|Right-Handed|1.0||-3.0|0.5|2.0|-3.0|7.99
Varioussurfaces|Ibragimov D.|RUS|Right-Handed|Meneghetti M.|ITA|Right-Handed|0.0|-2.0|3.0|-0.5|-2.0|-3.0|-3.24
Varioussurfaces|Kim S.|KOR|Right-Handed|Ann S.|KOR|Right-Handed|1.0||-3.0|0.5|2.0|7.0|3.75
Varioussurfaces|Rodenas P.|ESP|Left-Handed|Urribarrens Ramirez I.|ESP|Right-Handed|0.0|-1.0|3.0|-0.5|-2.0|0.0|1.4699999999999998
Varioussurfaces|Pasanen E.|FIN|Right-Handed|Denisov I.|RUS|Right-Handed|1.0||-3.0|0.5|2.0|-5.0|5.45
Varioussurfaces|Fields O.|AUS|Left-Handed|Ananth Mani M.|IND|Right-Handed|0.0|9.0|3.0|-0.5|-2.0|4.0|-6.49
Varioussurfaces|Garcia Longo N.|ARG|Right-Handed|Susanto D.|IDN|Right-Handed|1.0||-3.0|0.5|2.0|-14.0|3.21
Varioussurfaces|Bini V.|BRA|Right-Handed|Ilkel B.|TUR|Right-Handed|0.0|-1.0|3.0|-0.5|-2.0|-2.0|-3.24
Varioussurfaces|Kodancha Srinivasan D.|IND|Right-Handed|Trismuwantara G.|IDN|Right-Handed|0.0|0.0|3.0|-0.5|-2.0|2.0|0.9400000000000002
Varioussurfaces|Filar K.|POL|Right-Handed|Hess S.|ARG|Right-Handed|0.0|0.0|3.0|-0.5|-2.0|3.0|-1.9000000000000001
clay|Martin Tiffon P.|ESP|Right-Handed|Lavagno E.|ITA|Left-Handed|1.0||-3.0|-4.0|0.0|-1.0|0.6299999999999999
Varioussurfaces|Kolluru V.|IND|Right-Handed|Nari L.|ARG|Right-Handed|1.0||-3.0|0.5|2.0|1.0|-1.2600000000000002
Varioussurfaces|Vu H.|ITA|Right-Handed|Ferguson C.|AUS|Right-Handed|1.0||-3.0|0.5|2.0|-4.0|4.76
Varioussurfaces|Nortey I.|GHA|Right-Handed|Donarski S.|CAN|Right-Handed|0.0|-2.0|3.0|-0.5|-2.0|-1.0|-1.4499999999999997
Varioussurfaces|Crowther C.|NZL|Right-Handed|Kurniawan L.|IDN|Right-Handed|0.0|2.0|3.0|-0.5|-2.0|-2.0|-3.74
grass|Harris B.|AUS|Right-Handed|Svajda Z.|ITA|Right-Handed|0.0|4.0|124.0|27.0|16.0|6.0|-0.21999999999999997
grass|Vesely J.|CZE|Left-Handed|Peniston R.|AUS|Left-Handed|1.0||-299.0|19.0|15.0|3.0|-0.4700000000000002
Varioussurfaces|Fellin P.|ITA|Right-Handed|Sheyngezikht L.|BGR|Right-Handed|0.0|-1.0|3.0|-0.5|-2.0|0.0|-1.9000000000000001
Varioussurfaces|Congcar C.|THA|Right-Handed|Sornlaksup P.|THA|Right-Handed|1.0||-3.0|-9.0|-8.0|3.0|-1.47
Varioussurfaces|Pavic S.|ITA|Right-Handed|Lanik T.|SVK|Right-Handed|1.0||-3.0|0.5|2.0|5.0|6.47
clay|Dimitrov G.|BGR|Right-Handed|Zverev A.|DEU|Right-Handed|1.0||-175.0|-9.0|-7.0|6.0|1.4400000000000002
Varioussurfaces|Alcala Gurri M.|ESP|Right-Handed|Fita Juan S.|ESP|Right-Handed|0.0|4.0|3.0|-0.5|-2.0|-2.0|-6.71
Varioussurfaces|Friend J.|JPN|Right-Handed|Chibani M.|TUN|Right-Handed|0.0|2.0|3.0|-0.5|-2.0|3.0|-7.3100000000000005
Varioussurfaces|Lyons J.|AUS|Right-Handed|Jesudason A.|ITA|Right-Handed|0.0|0.0|3.0|-0.5|-2.0|2.0|-0.5799999999999998
Varioussurfaces|Meneghetti M.|ITA|Right-Handed|Ibragimov D.|RUS|Right-Handed|1.0||-3.0|0.5|2.0|3.0|3.24
Varioussurfaces|Berghaus M.|DEU|Right-Handed|Van Assendelft J.|NLD|Right-Handed|1.0||-3.0|0.5|2.0|1.0|-1.81
Varioussurfaces|Alvarado P.|ECU|Right-Handed|Blanch D.|AUS|Right-Handed|1.0||-3.0|0.5|2.0|14.0|3.75
Varioussurfaces|Dorofeev A.|FRA|Right-Handed|Hajiloie Y.|IRN|Right-Handed|0.0|1.0|3.0|-0.5|-2.0|0.0|-3.24
Varioussurfaces|Gonzalez Fernandez M.|ESP|Right-Handed|Avdieiev A.|UKR|Right-Handed|0.0|5.0|3.0|-0.5|-2.0|-1.0|-8.5
Varioussurfaces|Hess S.|ARG|Right-Handed|Filar K.|POL|Right-Handed|1.0||-3.0|0.5|2.0|-3.0|1.9000000000000001
Varioussurfaces|Prat A.|ESP|Right-Handed|Friend J.|JPN|Right-Handed|1.0||-3.0|0.5|2.0|0.0|2.3499999999999996
Varioussurfaces|Kim D.|KOR|Right-Handed|Kim B.|KOR|Right-Handed|0.0|-4.0|3.0|-0.5|-2.0|-4.0|-7.99
Varioussurfaces|Van Der Kooij A.|NLD|Right-Handed|Pel S.|NLD|Right-Handed|1.0||-3.0|0.5|2.0|1.0|-1.81
Varioussurfaces|Isarow P.|THA|Right-Handed|Callaghan H.|AUS|Right-Handed|0.0|11.0|3.0|-7.5|-10.0|5.0|-6.97
Varioussurfaces|Giunta M.|ITA|Right-Handed|Houban N.|MAR|Right-Handed|0.0|1.0|3.0|-0.5|-2.0|0.0|-1.9000000000000001
Varioussurfaces|Busoms Puig J.|ESP|Right-Handed|Cigarran T.|ARG|Right-Handed|1.0||-3.0|0.5|2.0|-1.0|4.33
Varioussurfaces|Massacri B.|ITA|Right-Handed|Alkaya M.|TUR|Right-Handed|1.0||-3.0|0.5|2.0|-1.0|2.12
Varioussurfaces|Jafar I.|IRN|Right-Handed|Yazdani A.|IRN|Right-Handed|1.0||-3.0|0.5|2.0|-3.0|3.24
Varioussurfaces|Matikainen E.|FIN|Right-Handed|Karlsson Wistrand J.|SWE|Right-Handed|1.0||-3.0|0.5|2.0|1.0|3.4799999999999995
Varioussurfaces|Cigarran T.|ARG|Right-Handed|Busoms Puig J.|ESP|Right-Handed|0.0|1.0|3.0|-0.5|-2.0|1.0|-4.33
Varioussurfaces|Sanchez Bronzetti E.|ESP|Right-Handed|Corwin F.|AUS|Right-Handed|1.0||-3.0|-4.5|-3.0|-5.0|0.95
Varioussurfaces|Cho H.|KOR|Right-Handed|Jin H.|KOR|Right-Handed|0.0|2.0|3.0|-0.5|-2.0|4.0|-1.29
Varioussurfaces|Michalik R.|SVK|Right-Handed|Pivnik O.|SVK|Right-Handed|0.0|3.0|3.0|-0.5|-2.0|-2.0|-2.83
Varioussurfaces|Zhuo S.|CHN|Right-Handed|Zhao Z.|CHN|Right-Handed|1.0||-3.0|0.5|2.0|1.0|2.8200000000000003
Varioussurfaces|Clark M.|ITA|Right-Handed|Strode I.|AUS|Right-Handed|1.0||-3.0|2.5|2.0|-3.0|-1.81
Varioussurfaces|Warik C.|IND|Right-Handed|Habib A.|AUS|Right-Handed|1.0||-3.0|0.5|2.0|2.0|2.6400000000000006
clay|Moraing M.|DEU|Left-Handed|Squire H.|DEU|Right-Handed|1.0||72.0|7.0|15.0|9.0|0.16999999999999993
clay|Darderi L.|ITA|Right-Handed|Svrcina D.|CZE|Right-Handed|1.0||72.0|9.5|7.0|1.0|0.4500000000000002
Varioussurfaces|Pitts M.|ITA|Right-Handed|Espin Busleiman G.|ARG|Right-Handed|1.0||-3.0|0.5|2.0|-3.0|4.41
Varioussurfaces|Nadal Vives J.|ESP|Right-Handed|De Dios F.|ARG|Right-Handed|1.0||-3.0|0.5|2.0|-1.0|0.0
Varioussurfaces|Sheyngezikht L.|BGR|Right-Handed|Katuch J.|SVK|Right-Handed|0.0|2.0|3.0|-0.5|-2.0|2.0|-3.0500000000000003
Varioussurfaces|Jones M.|ITA|Right-Handed|Strode E.|AUS|Left-Handed|1.0||-3.0|0.5|2.0|1.0|1.25
Varioussurfaces|Werner E.|DEU|Right-Handed|Schlagenhauf N.|DEU|Right-Handed|1.0||-3.0|0.5|2.0|2.0|3.4799999999999995
Varioussurfaces|Cizelj-Zivkovic S.|SRB|Right-Handed|Andrejic M.|AUT|Right-Handed|0.0|1.0|3.0|-0.5|-2.0|0.0|5.96
Varioussurfaces|Palovic L.|SVK|Right-Handed|Krajci M.|SVK|Right-Handed|0.0|2.0|3.0|-0.5|-2.0|3.0|-4.33
Varioussurfaces|Tsirikidze V.|RUS|Right-Handed|Mahbod M.|IRN|Right-Handed|1.0||-3.0|0.5|2.0|-12.0|3.24
Varioussurfaces|Krajci M.|SVK|Right-Handed|Palovic L.|SVK|Right-Handed|1.0||-3.0|0.5|2.0|-3.0|4.33
hard|Bolt A.|AUS|Left-Handed|Ficovich J.|ARG|Right-Handed|0.0|4.0|127.0|6.0|-8.0|4.0|0.019999999999999796
Varioussurfaces|Bhat A.|AUS|Right-Handed|Mahadevan A.|IND|Right-Handed|0.0|-7.0|3.0|-0.5|-2.0|-1.0|-0.20000000000000018
Varioussurfaces|Ivanov M.|BGR|Right-Handed|Bity I.|ISR|Right-Handed|0.0|0.0|3.0|-0.5|-2.0|0.0|3.2500000000000004
Varioussurfaces|Sheyngezikht L.|BGR|Right-Handed|Fellin P.|ITA|Right-Handed|1.0||-3.0|0.5|2.0|0.0|1.9000000000000001
Varioussurfaces|Konowczuk W.|UKR|Right-Handed|Ng K.|HKG|Right-Handed|0.0|-6.0|3.0|-0.5|-2.0|0.0|-1.29
Varioussurfaces|Katuch J.|SVK|Right-Handed|Sheyngezikht L.|BGR|Right-Handed|1.0||-3.0|0.5|2.0|-2.0|3.0500000000000003
Varioussurfaces|Francisco L.|ESP|Right-Handed|Gulin S.|RUS|Right-Handed|1.0||-3.0|0.5|2.0|2.0|4.93
Varioussurfaces|Bieldiugin T.|UKR|Right-Handed|Berta M.|ARG|Right-Handed|0.0|-4.0|3.0|-0.5|-2.0|-5.0|-1.29
Varioussurfaces|Zima L.|DEU|Right-Handed|Baumgartner S.|CHE|Right-Handed|0.0|5.0|3.0|-0.5|-2.0|4.0|-2.38
Varioussurfaces|Van Assendelft J.|NLD|Right-Handed|Berghaus M.|DEU|Right-Handed|0.0|-3.0|3.0|-0.5|-2.0|-1.0|1.81
Varioussurfaces|Hou Y.|AUS|Right-Handed|Tiainen J.|FIN|Right-Handed|0.0|-3.0|3.0|-0.5|-2.0|-2.0|1.4699999999999998
Varioussurfaces|Okamura I.|JPN|Right-Handed|Oh C.|KOR|Right-Handed|1.0||-3.0|-4.0|-10.0|6.0|-1.06
Varioussurfaces|Eriksson Ziverts J.|SWE|Right-Handed|Revelli G.|ITA|Right-Handed|0.0|6.0|3.0|-2.5|0.0|3.0|-1.25
hard|Neff A.|AUS|Right-Handed|Reis Da Silva J.|BRA|Right-Handed|0.0|-2.0|3.0|2.0|8.0|-1.0|3.7299999999999995
clay|Nava E.|AUS|Right-Handed|Kolar Z.|CZE|Right-Handed|0.0|-3.0|-265.0|-2.0|-2.0|-5.0|0.1399999999999999
Varioussurfaces|Siddiqui A.|IND|Right-Handed|Cigarran T.|ARG|Right-Handed|1.0||-3.0|0.5|2.0|-2.0|2.4000000000000004
Varioussurfaces|Baumgartner S.|CHE|Right-Handed|Zima L.|DEU|Right-Handed|1.0||-3.0|0.5|2.0|-4.0|2.38
Varioussurfaces|Song W.|KOR|Right-Handed|Kim D.|KOR|Right-Handed|1.0||-3.0|0.5|2.0|-2.0|2.64
Varioussurfaces|Gregg P.|ITA|Right-Handed|Galus P.|POL|Right-Handed|1.0||-3.0|0.5|2.0|1.0|-2.03
Varioussurfaces|Szilvassy A.|CAN|Right-Handed|Hill S.|AUS|Right-Handed|1.0||-3.0|0.5|2.0|3.0|4.41
Varioussurfaces|Andrejic M.|AUT|Right-Handed|Cizelj-Zivkovic S.|SRB|Right-Handed|1.0||-3.0|0.5|2.0|0.0|-5.96
Varioussurfaces|Larwig N.|DEU|Right-Handed|Seeman J.|EST|Right-Handed|1.0||-3.0|0.5|2.0|-2.0|-0.7999999999999998
Varioussurfaces|Banti C.|ITA|Right-Handed|Spiridon D.|ITA|Right-Handed|1.0||-3.0|0.5|2.0|0.0|2.3
Varioussurfaces|Ann S.|KOR|Right-Handed|Miyoshi K.|JPN|Right-Handed|1.0||-3.0|0.5|2.0|-1.0|2.61
Varioussurfaces|Miyoshi K.|JPN|Right-Handed|Ann S.|KOR|Right-Handed|0.0|-5.0|3.0|-0.5|-2.0|1.0|-2.61
Varioussurfaces|Graf D.|DEU|Right-Handed|Agushi M.|ITA|Right-Handed|0.0|4.0|3.0|-0.5|-2.0|5.0|-7.15
Varioussurfaces|Ji Y.|CHN|Right-Handed|Dong J.|AUS|Right-Handed|1.0||-3.0|0.5|2.0|5.0|-1.2700000000000002
Varioussurfaces|Nari L.|ARG|Right-Handed|Kolluru V.|IND|Right-Handed|0.0|0.0|3.0|-0.5|-2.0|-1.0|1.2600000000000002
Varioussurfaces|Tresca G.|ITA|Right-Handed|Tammaro M.|ITA|Right-Handed|1.0||-3.0|0.5|2.0|6.0|1.0
Varioussurfaces|Matuszewski G.|POL|Right-Handed|Nikolic M.|SRB|Right-Handed|0.0|3.0|3.0|-0.5|-2.0|1.0|-1.8299999999999998
Varioussurfaces|Mckennon M.|AUS|Left-Handed|Swenson B.|ITA|Right-Handed|0.0|4.0|3.0|-0.5|-2.0|2.0|1.81
clay|Pokorny L.|SVK|Right-Handed|Kuzmanov D.|BGR|Right-Handed|1.0||41.0|0.5|-8.0|-9.0|2.7800000000000002
Varioussurfaces|Singh J.|IND|Left-Handed|Ghavam A.|IRN|Right-Handed|0.0|8.0|3.0|-0.5|-2.0|10.0|-3.24
Varioussurfaces|Nad P.|SVK|Right-Handed|Grant W.|ITA|Right-Handed|0.0|-5.0|3.0|-0.5|-2.0|-3.0|1.2600000000000002
Varioussurfaces|Gu J.|CHN|Right-Handed|Zheng Y.|CHN|Right-Handed|0.0|-6.0|3.0|-0.5|-2.0|-2.0|0.5
clay|Marchenko I.|UKR|Right-Handed|Burruchaga R.|ARG|Right-Handed|1.0||102.0|5.0|2.0|14.0|1.99
Varioussurfaces|Iaconi J.|AUS|Right-Handed|Rsovac D.|AUS|Right-Handed|0.0|1.0|3.0|-0.5|-2.0|-1.0|-7.3100000000000005
Varioussurfaces|Gulin S.|RUS|Right-Handed|Planelles Ripoll G.|ESP|Right-Handed|1.0||-3.0|0.5|2.0|0.0|3.75
Varioussurfaces|Hnidets V.|UKR|Right-Handed|Grant W.|AUS|Right-Handed|1.0||-3.0|0.5|2.0|0.0|3.9
Varioussurfaces|Baldovinetti G.|ITA|Right-Handed|Stone Z.|ITA|Right-Handed|0.0|1.0|3.0|-0.5|-2.0|-1.0|-7.3100000000000005
Varioussurfaces|Lis M.|POL|Right-Handed|Fellin P.|ITA|Right-Handed|1.0||-3.0|0.5|2.0|0.0|-0.44999999999999973
Varioussurfaces|Nad P.|SVK|Right-Handed|Zeljenka M.|HUN|Right-Handed|0.0|-5.0|3.0|-0.5|-2.0|-6.0|-0.95
Varioussurfaces|Postay A.|ARG|Right-Handed|Alazmeh T.|DEU|Right-Handed|1.0||-3.0|0.5|2.0|7.0|0.95
Varioussurfaces|Jadoun N.|FRA|Right-Handed|Boyd K.|AUS|Right-Handed|1.0||-3.0|0.5|2.0|-5.0|-1.2600000000000002
Varioussurfaces|Liu S.|CHN|Right-Handed|Zeng Y.|CHN|Right-Handed|1.0||-3.0|0.5|2.0|3.0|-0.8299999999999998
Varioussurfaces|Delaney J.|AUS|Right-Handed|Lee J.|KOR|Right-Handed|0.0|5.0|3.0|2.5|3.0|1.0|-1.29
Varioussurfaces|Mihailovic A.|SRB|Right-Handed|Agostini S.|ITA|Right-Handed|1.0||-3.0|0.5|2.0|-5.0|-2.8200000000000003
Varioussurfaces|Pieri S.|ITA|Right-Handed|Ciavarella N.|ITA|Right-Handed|0.0|0.0|3.0|-0.5|-2.0|2.0|-1.98
Varioussurfaces|Vives Marcos P.|ESP|Right-Handed|Sakellaridis S.|GRC|Right-Handed|1.0||-3.0|0.5|2.0|4.0|-1.53
Varioussurfaces|Caldes J.|ESP|Right-Handed|Lehmann N.|ARG|Left-Handed|1.0||-3.0|0.5|2.0|4.0|1.9000000000000001
Varioussurfaces|Kang K.|KOR|Right-Handed|Kim K.|KOR|Right-Handed|0.0|3.0|-7.0|-0.5|-2.0|3.0|-4.93
Varioussurfaces|Petrovic L.|AUS|Right-Handed|Tasevski A.|ITA|Right-Handed|0.0|5.0|3.0|-0.5|-2.0|3.0|-7.99
Varioussurfaces|Avdieiev A.|UKR|Right-Handed|Gonzalez Fernandez M.|ESP|Right-Handed|1.0||-3.0|0.5|2.0|1.0|8.5
Varioussurfaces|Romano G.|ARG|Right-Handed|Novakovic N.|SRB|Right-Handed|1.0||-3.0|0.5|2.0|-1.0|2.3499999999999996
hard|Langmo C.|ITA|Right-Handed|Sweeny D.|AUS|Right-Handed|1.0||302.0|21.0|21.0|5.0|-0.25
Varioussurfaces|Barun B.|HRV|Right-Handed|Figl M.|ITA|Right-Handed|0.0|2.0|3.0|-0.5|-2.0|3.0|0.0
Varioussurfaces|Mareschal-Hay M.|CAN|Right-Handed|Kim J.|ITA|Right-Handed|0.0|1.0|3.0|-0.5|-2.0|0.0|-1.9300000000000002
Varioussurfaces|Pecci A.|ITA|Right-Handed|Taddia L.|ITA|Right-Handed|0.0|-2.0|3.0|-0.5|-2.0|-1.0|-2.9300000000000006
Varioussurfaces|Djosic N.|CHE|Right-Handed|Ozdemir S.|TUR|Right-Handed|0.0|-7.0|3.0|-0.5|-2.0|-7.0|-2.3
Varioussurfaces|Alkaya M.|TUR|Right-Handed|Massacri B.|ITA|Right-Handed|0.0|4.0|3.0|-0.5|-2.0|1.0|-2.12
Varioussurfaces|Malirz K.|POL|Right-Handed|Gonzalez Fernandez M.|ESP|Right-Handed|1.0||-3.0|0.5|2.0|-1.0|5.45
clay|Ilkel C.|TUR|Right-Handed|Galan D.|COL|Right-Handed|1.0||-263.0|10.0|-8.0|1.0|3.22
Varioussurfaces|Mahadevan A.|IND|Right-Handed|Bhat A.|AUS|Right-Handed|1.0||-3.0|0.5|2.0|1.0|0.20000000000000018
Varioussurfaces|Bar Biryukov P.|RUS|Left-Handed|Prasievi D.|ITA|Right-Handed|0.0|2.0|3.0|-0.5|-2.0|4.0|-7.48
Varioussurfaces|Yu J.|KOR|Right-Handed|Kim D.|KOR|Right-Handed|0.0|8.0|3.0|-0.5|-2.0|0.0|-5.9399999999999995
Varioussurfaces|Zgirovsky A.|BLR|Right-Handed|Vasilev D.|RUS|Right-Handed|0.0|5.0|3.0|0.5|6.0|0.0|-3.5
clay|Pucinelli De Almeida M.|BRA|Right-Handed|Sachko V.|UKR|Right-Handed|0.0|-4.0|141.0|9.0|0.0|-4.0|-0.21999999999999997
Varioussurfaces|Jovic V.|SRB|Right-Handed|Torres Fernandez B.|CHL|Right-Handed|0.0|1.0|3.0|-0.5|-2.0|2.0|-4.33
clay|Ruud C.|NOR|Right-Handed|Jarry N.|CHL|Right-Handed|0.0|-1.0|3848.0|-13.0|-15.0|-3.0|-1.2500000000000002
Varioussurfaces|Cosnet C.|FRA|Right-Handed|Capacci C.|ITA|Right-Handed|0.0|1.0|3.0|-0.5|-2.0|4.0|1.2600000000000002
Varioussurfaces|Luis T.|PRT|Right-Handed|Mustafin S.|RUS|Right-Handed|0.0|6.0|3.0|-0.5|-2.0|3.0|-7.3100000000000005
Varioussurfaces|Espin Busleiman G.|ARG|Right-Handed|Pitts M.|ITA|Right-Handed|0.0|10.0|3.0|-0.5|-2.0|3.0|-4.41
Varioussurfaces|Yin B.|ITA|Right-Handed|Wattanakul P.|THA|Right-Handed|1.0||-3.0|0.5|2.0|-4.0|-1.75
clay|Skatov T.|KAZ|Right-Handed|Dzumhur D.|ITA|Right-Handed|0.0|-8.0|130.0|5.0|-2.0|-9.0|-0.6899999999999997
Varioussurfaces|Zima L.|DEU|Right-Handed|Alekseychuk A.|RUS|Right-Handed|0.0|7.0|3.0|-0.5|-2.0|5.0|0.0
Varioussurfaces|Nielsen A.|ITA|Right-Handed|Steiner M.|DEU|Right-Handed|1.0||-3.0|0.5|2.0|-7.0|0.0
Varioussurfaces|Delaney J.|AUS|Right-Handed|Chang W.|KOR|Right-Handed|0.0|10.0|3.0|2.5|3.0|8.0|-3.6799999999999997
Varioussurfaces|Zeng Y.|CHN|Right-Handed|Liu S.|CHN|Right-Handed|0.0|-1.0|3.0|-0.5|-2.0|-3.0|0.8299999999999998
Varioussurfaces|Kim K.|KOR|Right-Handed|Kang K.|KOR|Right-Handed|1.0||7.0|0.5|2.0|-3.0|4.93
Varioussurfaces|Smiljanic A.|SRB|Right-Handed|Antonopoulos C.|GRC|Right-Handed|1.0||-3.0|0.5|2.0|-7.0|5.609999999999999
Varioussurfaces|Svajda T.|AUS|Right-Handed|Claverie L.|ITA|Right-Handed|0.0|-2.0|3.0|-0.5|-2.0|-3.0|2.03
grass|Herbert P.|FRA|Right-Handed|Wendelken H.|AUS|Right-Handed|1.0||-3.0|-2.0|5.0|11.0|-2.8499999999999996
hard|Sweeny D.|AUS|Right-Handed|Langmo C.|ITA|Right-Handed|0.0|-3.0|-302.0|-21.0|-21.0|-5.0|0.25
Varioussurfaces|Lee J.|KOR|Right-Handed|Miyoshi K.|JPN|Right-Handed|1.0||-3.0|0.5|2.0|0.0|8.5
Varioussurfaces|Dzhavakian Y.|UKR|Right-Handed|Simhadri S.|ITA|Right-Handed|0.0|11.0|3.0|-0.5|-2.0|4.0|-3.24
clay|Rehberg M.|DEU|Right-Handed|Stodder T.|DEU|Right-Handed|0.0|-6.0|-212.0|11.0|3.0|-8.0|-0.09999999999999987
Varioussurfaces|Tammaro M.|ITA|Right-Handed|Tresca G.|ITA|Right-Handed|0.0|-8.0|3.0|-0.5|-2.0|-6.0|-1.0
Varioussurfaces|Gorzny S.|AUS|Right-Handed|Watt J.|NZL|Right-Handed|0.0|1.0|3.0|-0.5|-2.0|-4.0|2.03
clay|Galan D.|COL|Right-Handed|Ilkel C.|TUR|Right-Handed|0.0|-1.0|263.0|-10.0|8.0|-1.0|-3.22
hard|Gojowczyk P.|DEU|Right-Handed|Zhu E.|ITA|Right-Handed|0.0|9.0|176.0|13.0|3.0|9.0|-0.6400000000000001
Varioussurfaces|Yu J.|KOR|Right-Handed|Kang K.|KOR|Right-Handed|1.0||-3.0|0.5|2.0|-3.0|1.29
grass|Saville L.|AUS|Right-Handed|Clarke J.|ITA|Right-Handed|0.0|5.0|-120.0|1.0|0.0|4.0|0.33999999999999986
Varioussurfaces|Ratti L.|ARG|Right-Handed|Krapivin M.|RUS|Right-Handed|0.0|-5.0|3.0|-0.5|-2.0|-4.0|-2.5100000000000002
clay|Coria F.|ARG|Right-Handed|Mayot H.|FRA|Right-Handed|1.0||568.0|2.0|2.0|10.0|-0.9100000000000001
clay|Marozsan F.|HUN|Right-Handed|Casanova H.|ARG|Right-Handed|0.0|-6.0|294.0|1.0|5.0|-6.0|-3.0300000000000002
Varioussurfaces|Sevilla I.|ESP|Right-Handed|Graziani M.|CHE|Right-Handed|0.0|-1.0|3.0|-0.5|-2.0|-2.0|-5.45
Varioussurfaces|Kisantal B.|HUN|Right-Handed|Hess S.|ARG|Right-Handed|1.0||-3.0|0.5|2.0|-4.0|5.45
Varioussurfaces|Chang W.|KOR|Right-Handed|Delaney J.|AUS|Right-Handed|1.0||-3.0|-2.5|-3.0|-8.0|3.6799999999999997
Varioussurfaces|Manukyan V.|RUS|Left-Handed|Vilicich B.|ARG|Right-Handed|1.0||-3.0|0.5|2.0|0.0|3.4400000000000004
clay|Fanselow S.|DEU|Right-Handed|Orlov V.|UKR|Right-Handed|0.0|7.0|3.0|0.0|-2.0|3.0|-0.98
Varioussurfaces|Prat A.|ESP|Right-Handed|Niedner N.|DEU|Right-Handed|0.0|0.0|3.0|-0.5|-2.0|-3.0|-7.3100000000000005
Varioussurfaces|Jovanovic P.|MNE|Right-Handed|Tadic V.|ITA|Right-Handed|0.0|-3.0|3.0|-0.5|-2.0|-2.0|0.0
Varioussurfaces|Matas Ortega X.|ESP|Right-Handed|Puzanov D.|UKR|Right-Handed|0.0|-2.0|3.0|-0.5|-2.0|-5.0|-3.4799999999999995
clay|Marterer M.|DEU|Left-Handed|Kovalik J.|SVK|Right-Handed|1.0||5.0|2.0|8.0|-2.0|-0.17999999999999994
clay|Kym J.|CHE|Right-Handed|Arnaboldi A.|ITA|Left-Handed|0.0|-18.0|121.0|15.0|18.0|-15.0|-0.6400000000000001
Varioussurfaces|Ozdemir S.|TUR|Right-Handed|Djosic N.|CHE|Right-Handed|1.0||-3.0|0.5|2.0|7.0|2.3
Varioussurfaces|Maginley H.|ATG|Right-Handed|Schiffman E.|ITA|Right-Handed|0.0|7.0|3.0|10.5|8.0|6.0|-1.25
Varioussurfaces|Mehrotra A.|AUS|Right-Handed|Karpinski T.|AUS|Right-Handed|1.0||-3.0|0.5|2.0|4.0|-4.14
grass|Shelbayh A.|JOR|Left-Handed|Yunchaokete B.|CHN|Right-Handed|1.0||-94.0|0.5|2.0|-2.0|0.0
Varioussurfaces|Callaghan H.|AUS|Right-Handed|Isarow P.|THA|Right-Handed|1.0||-3.0|7.5|10.0|-5.0|6.97
clay|Cerundolo F.|ARG|Right-Handed|Rune H.|DNK|Right-Handed|1.0||-2890.0|10.0|0.0|5.0|1.9
Varioussurfaces|Zhang L.|CHN|Right-Handed|Fernandez B.|BRA|Right-Handed|1.0||-3.0|0.5|2.0|1.0|0.5
Varioussurfaces|Boyd K.|AUS|Right-Handed|Jadoun N.|FRA|Right-Handed|0.0|9.0|3.0|-0.5|-2.0|5.0|1.2600000000000002
Varioussurfaces|Ju Z.|CHN|Right-Handed|Elia J.|AUS|Right-Handed|1.0||-3.0|0.5|2.0|-4.0|-1.9799999999999998
Varioussurfaces|Cundom J.|ARG|Right-Handed|Sklenka V.|CZE|Right-Handed|0.0|2.0|3.0|-0.5|-2.0|0.0|-0.3999999999999999
Varioussurfaces|Vasilev D.|RUS|Right-Handed|Zgirovsky A.|BLR|Right-Handed|1.0||-3.0|-0.5|-6.0|0.0|3.5
Varioussurfaces|Planelles Ripoll G.|ESP|Right-Handed|Gulin S.|RUS|Right-Handed|0.0|2.0|3.0|-0.5|-2.0|0.0|-3.75
Varioussurfaces|Samaha G.|ITA|Right-Handed|Steiglehner N.|AUS|Right-Handed|1.0||-3.0|0.5|2.0|3.0|-0.6500000000000001
clay|Lavagno E.|ITA|Left-Handed|Martin Tiffon P.|ESP|Right-Handed|0.0|2.0|3.0|4.0|0.0|1.0|-0.6299999999999999
Varioussurfaces|Dudun I.|UKR|Right-Handed|Velcz Z.|HUN|Left-Handed|1.0||-3.0|0.5|2.0|4.0|1.9000000000000001
Varioussurfaces|Mazzola F.|ITA|Right-Handed|Alvarado Berrospi A.|PER|Right-Handed|1.0||-3.0|0.5|2.0|-5.0|2.3
Varioussurfaces|Murali R.|AUS|Right-Handed|Quan R.|ITA|Right-Handed|0.0|0.0|3.0|-0.5|-2.0|5.0|1.81
Varioussurfaces|Niedner N.|DEU|Right-Handed|Prat A.|ESP|Right-Handed|1.0||-3.0|0.5|2.0|3.0|7.3100000000000005
Varioussurfaces|Zanada E.|ITA|Right-Handed|Capacci C.|ITA|Right-Handed|1.0||-3.0|0.5|2.0|4.0|7.3100000000000005
Varioussurfaces|Blanch D.|AUS|Right-Handed|Vilaca F.|PRT|Right-Handed|0.0|2.0|3.0|-0.5|-2.0|2.0|0.0
Varioussurfaces|Sornlaksup P.|THA|Right-Handed|Congcar C.|THA|Right-Handed|0.0|-4.0|3.0|9.0|8.0|-3.0|1.47
Varioussurfaces|Schlagenhauf N.|DEU|Right-Handed|Werner E.|DEU|Right-Handed|0.0|3.0|3.0|-0.5|-2.0|-2.0|-3.4799999999999995
clay|Kolar Z.|CZE|Right-Handed|Nava E.|AUS|Right-Handed|1.0||265.0|2.0|2.0|5.0|-0.1399999999999999
Varioussurfaces|Jaricevskis R.|LVA|Right-Handed|Thurner N.|DEU|Right-Handed|0.0|1.0|3.0|-0.5|-2.0|-2.0|-0.95
Varioussurfaces|Ananth Mani M.|IND|Right-Handed|Fields O.|AUS|Left-Handed|1.0||-3.0|0.5|2.0|-4.0|6.49
grass|Cox D.|AUS|Right-Handed|Fery A.|ITA|Right-Handed|0.0|14.0|108.0|-5.5|-15.0|11.0|0.9500000000000002
Varioussurfaces|Czaczkowski P.|POL|Right-Handed|Mbithi M.|AUS|Right-Handed|1.0||-3.0|2.5|-15.0|-7.0|5.27
hard|Reis Da Silva J.|BRA|Right-Handed|Neff A.|AUS|Right-Handed|1.0||-3.0|-2.0|-8.0|1.0|-3.7299999999999995
Varioussurfaces|Stone Z.|ITA|Right-Handed|Baldovinetti G.|ITA|Right-Handed|1.0||-3.0|0.5|2.0|1.0|7.3100000000000005
Varioussurfaces|Yashpaul N.|IND|Right-Handed|Arinc K.|TUR|Right-Handed|1.0||-3.0|0.5|2.0|0.0|3.24
Varioussurfaces|Komopisut P.|THA|Right-Handed|De Cuyper J.|FRA|Right-Handed|1.0||-3.0|0.5|2.0|-6.0|4.76
Varioussurfaces|Shick B.|AUS|Right-Handed|Field J.|FRA|Right-Handed|0.0|0.0|3.0|-0.5|-2.0|-8.0|-1.25
Varioussurfaces|Rodenas P.|ESP|Left-Handed|Sevilla I.|ESP|Right-Handed|0.0|2.0|3.0|-0.5|-2.0|2.0|-7.21
Varioussurfaces|Capacci C.|ITA|Right-Handed|Cosnet C.|FRA|Right-Handed|1.0||-3.0|0.5|2.0|-4.0|-1.2600000000000002
Varioussurfaces|Filar K.|POL|Right-Handed|Alarcon B.|ARG|Right-Handed|0.0|-1.0|3.0|-0.5|-2.0|2.0|0.0
Varioussurfaces|Krischke A.|CZE|Right-Handed|Minarik K.|SVK|Right-Handed|1.0||-3.0|0.5|2.0|-2.0|2.83
Varioussurfaces|Fjallberg E.|FIN|Right-Handed|Birrell C.|AUS|Right-Handed|1.0||-3.0|0.5|2.0|-5.0|2.05
Varioussurfaces|Stater A.|AUS|Right-Handed|Khoshkholgh M.|IRN|Right-Handed|0.0|6.0|3.0|-0.5|-2.0|1.0|-3.24
Varioussurfaces|Mahbod M.|IRN|Right-Handed|Tsirikidze V.|RUS|Right-Handed|0.0|7.0|3.0|-0.5|-2.0|12.0|-3.24
Varioussurfaces|Vojinovic L.|SRB|Right-Handed|Waterbolk I.|NLD|Right-Handed|0.0|6.0|3.0|-0.5|-2.0|2.0|-3.5599999999999996
Varioussurfaces|De Cuyper J.|FRA|Right-Handed|Komopisut P.|THA|Right-Handed|0.0|6.0|3.0|-0.5|-2.0|6.0|-4.76
Varioussurfaces|Blaydes B.|AUS|Right-Handed|Bird S.|NZL|Right-Handed|0.0|-6.0|3.0|-0.5|-2.0|-1.0|-7.3100000000000005
Varioussurfaces|Palovic L.|SVK|Right-Handed|Ion N.|CAN|Right-Handed|0.0|4.0|3.0|-0.5|-2.0|2.0|-5.45
Varioussurfaces|Berta M.|ARG|Right-Handed|Bieldiugin T.|UKR|Right-Handed|1.0||-3.0|0.5|2.0|5.0|1.29
grass|Kubler J.|AUS|Right-Handed|Brouwer G.|NLD|Left-Handed|0.0|5.0|281.0|2.0|-13.0|3.0|-1.4100000000000001
Varioussurfaces|Goldberg Alviani N.|ESP|Right-Handed|Alami M.|MAR|Right-Handed|0.0|-3.0|3.0|-0.5|-2.0|0.0|-4.33
Varioussurfaces|Salazar D.|COL|Right-Handed|Toto N.|DEU|Right-Handed|1.0||-3.0|0.5|2.0|0.0|1.7
Varioussurfaces|Friend J.|JPN|Right-Handed|Prat A.|ESP|Right-Handed|0.0|-1.0|3.0|-0.5|-2.0|0.0|-2.3499999999999996
Varioussurfaces|Pogosian S.|RUS|Right-Handed|Kobierski J.|AUT|Right-Handed|0.0|4.0|3.0|-0.5|-2.0|6.0|-1.09
Varioussurfaces|Simonit E.|ARG|Right-Handed|Rohseano L.|AUT|Right-Handed|0.0|1.0|3.0|-0.5|-2.0|1.0|-4.93
Varioussurfaces|Hibbert T.|AUS|Right-Handed|Woerndle M.|AUS|Right-Handed|0.0|-4.0|3.0|-0.5|-2.0|1.0|-0.6200000000000001
clay|Munar J.|ESP|Right-Handed|Dellien H.|BOL|Right-Handed|0.0|-5.0|350.0|1.0|3.0|-4.0|-0.74
Varioussurfaces|Munoz D.|ECU|Right-Handed|Callejon Hernando S.|ESP|Right-Handed|1.0||-3.0|0.5|2.0|13.0|3.4799999999999995
Varioussurfaces|Miyoshi K.|JPN|Right-Handed|Lee J.|KOR|Right-Handed|0.0|0.0|3.0|-0.5|-2.0|0.0|-8.5
Varioussurfaces|Trismuwantara G.|IDN|Right-Handed|Kodancha Srinivasan D.|IND|Right-Handed|1.0||-3.0|0.5|2.0|-2.0|-0.9400000000000002
Varioussurfaces|Prammer J.|AUT|Right-Handed|Bill A.|HRV|Right-Handed|1.0||-3.0|0.5|2.0|-1.0|1.9200000000000002
clay|Kovalik J.|SVK|Right-Handed|Marterer M.|DEU|Left-Handed|0.0|4.0|-5.0|-2.0|-8.0|2.0|0.17999999999999994
Varioussurfaces|Yu C.|ITA|Right-Handed|Shanmugam A.|IND|Right-Handed|1.0||-3.0|4.0|10.0|4.0|0.010000000000000009
Varioussurfaces|Schenekenberg G.|BRA|Right-Handed|Brkic J.|HRV|Right-Handed|1.0||-3.0|0.5|2.0|-2.0|0.0
Varioussurfaces|Cosnet C.|FRA|Right-Handed|Amiri F.|ITA|Right-Handed|0.0|0.0|3.0|-0.5|-2.0|0.0|-7.3100000000000005
Varioussurfaces|Planelles Ripoll G.|ESP|Right-Handed|Sakellaridis D.|GRC|Right-Handed|0.0|1.0|3.0|-0.5|-2.0|3.0|-3.04
Varioussurfaces|Hill S.|AUS|Right-Handed|Szilvassy A.|CAN|Right-Handed|0.0|1.0|3.0|-0.5|-2.0|-3.0|-4.41
Varioussurfaces|Simundza J.|HRV|Left-Handed|Djokic M.|ITA|Right-Handed|0.0|2.0|3.0|-0.5|-2.0|-4.0|-6.47
Varioussurfaces|Field J.|FRA|Right-Handed|Shick B.|AUS|Right-Handed|1.0||-3.0|0.5|2.0|8.0|1.25
Varioussurfaces|Chen D.|AUS|Right-Handed|Potter E.|CAN|Right-Handed|0.0|5.0|3.0|-0.5|-2.0|2.0|-1.9300000000000002
Varioussurfaces|Radoman B.|SRB|Right-Handed|Fellin C.|ITA|Right-Handed|1.0||-3.0|0.5|2.0|1.0|2.05
Varioussurfaces|Elicha Navas G.|ESP|Right-Handed|Fita Juan S.|ESP|Right-Handed|1.0||-3.0|0.5|2.0|-2.0|-3.4000000000000004
Varioussurfaces|Naumovski M.|AUS|Right-Handed|Padgham E.|AUS|Right-Handed|1.0||-3.0|0.5|2.0|0.0|2.47
Varioussurfaces|Kang K.|KOR|Right-Handed|Yu J.|KOR|Right-Handed|0.0|4.0|3.0|-0.5|-2.0|3.0|-1.29
Varioussurfaces|Bhatnagar S.|IND|Right-Handed|Salim R.|IDN|Right-Handed|0.0|2.0|3.0|-0.5|-2.0|0.0|-3.24
Varioussurfaces|Barr E.|ITA|Right-Handed|Seleznev B.|RUS|Right-Handed|1.0||-3.0|0.5|2.0|0.0|0.95
Varioussurfaces|Moroni F.|ITA|Right-Handed|Landini J.|ITA|Right-Handed|0.0|1.0|3.0|-0.5|-2.0|0.0|-1.9000000000000001
Varioussurfaces|Krajcik A.|SVK|Right-Handed|Petrovic D.|DEU|Right-Handed|0.0|5.0|-143.0|-0.5|-2.0|3.0|-6.47
clay|Stodder T.|DEU|Right-Handed|Rehberg M.|DEU|Right-Handed|1.0||212.0|-11.0|-3.0|8.0|0.09999999999999987
Varioussurfaces|Fellin P.|ITA|Right-Handed|Lis M.|POL|Right-Handed|0.0|4.0|3.0|-0.5|-2.0|0.0|0.44999999999999973
Varioussurfaces|Minarik K.|SVK|Right-Handed|Kremenchutskyi I.|UKR|Right-Handed|0.0|6.0|3.0|-0.5|-2.0|3.0|-0.5
hard|Chappell N.|AUS|Left-Handed|Statham R.|NZL|Right-Handed|0.0|-8.0|61.0|2.0|0.0|-6.0|0.7699999999999998
Varioussurfaces|Lahjomri Y.|MAR|Right-Handed|Vatteroni L.|ITA|Right-Handed|1.0||-3.0|0.5|2.0|-4.0|2.4000000000000004
Varioussurfaces|Bojicic Ono L.|BRA|Right-Handed|Takada M.|JPN|Right-Handed|0.0|-3.0|3.0|-0.5|-2.0|-4.0|1.2700000000000002
clay|Jarry N.|CHL|Right-Handed|Ruud C.|NOR|Right-Handed|1.0||-3848.0|13.0|15.0|3.0|1.2500000000000002
Varioussurfaces|Taguchi R.|JPN|Right-Handed|Kunsuwan N.|THA|Right-Handed|0.0|-7.0|3.0|-3.0|-2.0|0.0|-3.3099999999999996
Varioussurfaces|Henning B.|DEU|Right-Handed|Minasyan M.|SWE|Right-Handed|0.0|9.0|3.0|-0.5|-2.0|4.0|-2.4000000000000004
Varioussurfaces|Swenson B.|ITA|Right-Handed|Mckennon M.|AUS|Left-Handed|1.0||-3.0|0.5|2.0|-2.0|-1.81
Varioussurfaces|Krstic V.|SRB|Right-Handed|Krolo F.|DEU|Right-Handed|0.0|-2.0|3.0|-0.5|-2.0|-2.0|1.53
Varioussurfaces|Naharro D.|ESP|Right-Handed|Hollender N.|ARG|Right-Handed|1.0||-3.0|0.5|2.0|-1.0|1.09
hard|Mukund S.|IND|Right-Handed|Walton A.|AUS|Right-Handed|1.0||-181.0|2.0|0.0|2.0|1.9799999999999998
Varioussurfaces|Lee J.|KOR|Right-Handed|Cho H.|KOR|Right-Handed|1.0||-3.0|0.5|2.0|-5.0|-0.51
Varioussurfaces|Moazam M.|IRN|Right-Handed|Ashjari P.|IRN|Right-Handed|0.0|1.0|3.0|-0.5|-2.0|0.0|-3.24
Varioussurfaces|Dudun I.|UKR|Right-Handed|Blecha A.|CZE|Right-Handed|0.0|1.0|3.0|-0.5|-2.0|-1.0|-0.44999999999999973
Varioussurfaces|Badi A.|IRN|Right-Handed|Razavi A.|IRN|Right-Handed|0.0|0.0|3.0|-0.5|-2.0|-1.0|-3.24
Varioussurfaces|Vatteroni L.|ITA|Right-Handed|Lahjomri Y.|MAR|Right-Handed|0.0|5.0|3.0|-0.5|-2.0|4.0|-2.4000000000000004
Varioussurfaces|Jesudason A.|ITA|Right-Handed|Lyons J.|AUS|Right-Handed|1.0||-3.0|0.5|2.0|-2.0|0.5799999999999998
Varioussurfaces|Lee J.|KOR|Right-Handed|Kim D.|KOR|Right-Handed|0.0|5.0|3.0|-0.5|-2.0|2.0|1.3800000000000001
clay|Arnaboldi A.|ITA|Left-Handed|Kym J.|CHE|Right-Handed|1.0||-121.0|-15.0|-18.0|15.0|0.6400000000000001
Varioussurfaces|Zeljenka M.|HUN|Right-Handed|Nad P.|SVK|Right-Handed|1.0||-3.0|0.5|2.0|6.0|0.95
Varioussurfaces|Song M.|KOR|Right-Handed|Yoon S.|KOR|Right-Handed|0.0|13.0|3.0|-0.5|-2.0|17.0|-8.23
Varioussurfaces|Alkotop M.|JOR|Right-Handed|Adabjou A.|IRN|Right-Handed|0.0|-3.0|3.0|-0.5|-2.0|1.0|-3.24
Varioussurfaces|Puzanov D.|UKR|Right-Handed|Matas Ortega X.|ESP|Right-Handed|1.0||-3.0|0.5|2.0|5.0|3.4799999999999995
Varioussurfaces|Steiglehner N.|AUS|Right-Handed|Samaha G.|ITA|Right-Handed|0.0|1.0|3.0|-0.5|-2.0|-3.0|0.6500000000000001
Varioussurfaces|Al-Amin K.|DEU|Right-Handed|Jong S.|NLD|Right-Handed|1.0||-3.0|0.5|2.0|-4.0|-1.81
Varioussurfaces|Birrell C.|AUS|Right-Handed|Fjallberg E.|FIN|Right-Handed|0.0|6.0|3.0|-0.5|-2.0|5.0|-2.05
Varioussurfaces|Ambarzumjan E.|DEU|Right-Handed|Alopaeus M.|FIN|Right-Handed|0.0|8.0|3.0|-0.5|-2.0|5.0|-4.93
Varioussurfaces|Veikkolainen Jansson S.|SWE|Right-Handed|Pohjola P.|FIN|Right-Handed|0.0|-3.0|3.0|-0.5|-2.0|0.0|3.4799999999999995
Varioussurfaces|Ann S.|KOR|Right-Handed|Kim S.|KOR|Right-Handed|0.0|-4.0|3.0|-0.5|-2.0|-7.0|-3.75
Varioussurfaces|Kim H.|KOR|Right-Handed|Chu S.|KOR|Right-Handed|1.0||-3.0|0.5|2.0|1.0|7.0
Varioussurfaces|Callejon Hernando S.|ESP|Right-Handed|Munoz D.|ECU|Right-Handed|0.0|-15.0|3.0|-0.5|-2.0|-13.0|-3.4799999999999995
Varioussurfaces|Ilkel B.|TUR|Right-Handed|Bini V.|BRA|Right-Handed|1.0||-3.0|0.5|2.0|2.0|3.24
clay|Gerch L.|DEU|Left-Handed|Janvier M.|FRA|Right-Handed|0.0|1.0|57.0|6.0|0.0|2.0|-0.5
Varioussurfaces|Puig Molin D.|ESP|Right-Handed|Alvarado P.|ECU|Right-Handed|1.0||-3.0|0.5|2.0|-11.0|4.93
Varioussurfaces|Mouilleron Salvo M.|ARG|Right-Handed|Benchakroun M.|MAR|Right-Handed|1.0||-3.0|0.5|2.0|1.0|0.0
Varioussurfaces|Martin J.|ITA|Left-Handed|Barreiros Reyes M.|BRA|Left-Handed|1.0||-3.0|0.5|2.0|3.0|4.33
clay|Mpetshi Perricard G.|FRA|Right-Handed|Guinard M.|FRA|Right-Handed|0.0|-5.0|-59.0|-4.0|-13.0|-7.0|-0.8799999999999999
clay|Burruchaga R.|ARG|Right-Handed|Marchenko I.|UKR|Right-Handed|0.0|-15.0|-102.0|-5.0|-2.0|-14.0|-1.99
hard|Copil M.|ROU|Right-Handed|Boyer T.|ITA|Right-Handed|0.0|11.0|-193.0|9.5|8.0|10.0|0.7499999999999998
Varioussurfaces|Stearns P.|ITA|Left-Handed|Hopper J.|AUS|Right-Handed|1.0||-3.0|0.5|2.0|-4.0|-0.050000000000000044
Varioussurfaces|Takada M.|JPN|Right-Handed|Bojicic Ono L.|BRA|Right-Handed|1.0||-3.0|0.5|2.0|4.0|-1.2700000000000002
Varioussurfaces|Ganesh M.|IND|Right-Handed|Solanki A.|IND|Right-Handed|0.0|-7.0|3.0|-0.5|-2.0|-2.0|-3.24
Varioussurfaces|Micov S.|AUS|Right-Handed|Danic L.|SRB|Right-Handed|0.0|15.0|3.0|-0.5|-2.0|9.0|-4.23
Varioussurfaces|Heck C.|CAN|Right-Handed|Choe J.|KOR|Right-Handed|1.0||-3.0|0.5|2.0|-1.0|2.33
Varioussurfaces|Nakashima B.|AUS|Right-Handed|Kleege W.|ITA|Right-Handed|0.0|2.0|633.0|-0.5|-2.0|3.0|2.03
clay|Rune H.|DNK|Right-Handed|Cerundolo F.|ARG|Right-Handed|0.0|-2.0|2890.0|-10.0|0.0|-5.0|-1.9
Varioussurfaces|Aitkulov A.|KAZ|Right-Handed|Bayldon B.|AUS|Left-Handed|1.0||-3.0|0.5|2.0|-5.0|-0.9200000000000002
Varioussurfaces|Bessonov D.|RUS|Right-Handed|Bogo E.|BRA|Right-Handed|1.0||-3.0|0.5|2.0|-6.0|2.4000000000000004
Varioussurfaces|Keisidis C.|GRC|Right-Handed|Vladimirov E.|BGR|Right-Handed|0.0|14.0|3.0|-0.5|-2.0|8.0|3.4000000000000004
Varioussurfaces|Ferrari F.|ITA|Right-Handed|Dessi M.|ITA|Right-Handed|1.0||-3.0|0.5|2.0|4.0|-0.9299999999999999
Varioussurfaces|Stakusic M.|CAN|Left-Handed|Mujakic A.|DEU|Right-Handed|0.0|0.0|3.0|-0.5|-2.0|0.0|-5.45
Varioussurfaces|Koistila larsson K.|SWE|Right-Handed|Tirkkonen M.|FIN|Right-Handed|0.0|1.0|3.0|-0.5|-2.0|2.0|-4.93
Varioussurfaces|Karlsson Wistrand J.|SWE|Right-Handed|Matikainen E.|FIN|Right-Handed|0.0|-1.0|3.0|-0.5|-2.0|-1.0|-3.4799999999999995
Varioussurfaces|Toto N.|DEU|Right-Handed|Salazar D.|COL|Right-Handed|0.0|-3.0|3.0|-0.5|-2.0|0.0|-1.7
Varioussurfaces|Jin Y.|CHN|Right-Handed|Pan Y.|CHN|Right-Handed|0.0|5.0|3.0|-0.5|-2.0|0.0|-1.8099999999999998
grass|Yunchaokete B.|CHN|Right-Handed|Shelbayh A.|JOR|Left-Handed|0.0|2.0|94.0|-0.5|-2.0|2.0|0.0
Varioussurfaces|Van Baal A.|NLD|Right-Handed|Stuurman R.|NLD|Right-Handed|1.0||-3.0|0.5|2.0|0.0|0.9199999999999999
Varioussurfaces|Vaitiekunas P.|LTU|Right-Handed|Augunas J.|LTU|Right-Handed|0.0|5.0|3.0|-0.5|-2.0|2.0|-7.3100000000000005
Varioussurfaces|Fita Juan S.|ESP|Right-Handed|Elicha Navas G.|ESP|Right-Handed|0.0|-1.0|3.0|-0.5|-2.0|2.0|3.4000000000000004
Varioussurfaces|Nagoudi A.|TUN|Right-Handed|Fernandez B.|BRA|Right-Handed|1.0||-3.0|0.5|2.0|4.0|7.3100000000000005
Varioussurfaces|De Dios F.|ARG|Right-Handed|Nadal Vives J.|ESP|Right-Handed|0.0|0.0|3.0|-0.5|-2.0|1.0|0.0
clay|Mayot H.|FRA|Right-Handed|Coria F.|ARG|Right-Handed|0.0|-10.0|-568.0|-2.0|-2.0|-10.0|0.9100000000000001
Varioussurfaces|Iaconi J.|AUS|Right-Handed|Baldovinetti G.|ITA|Right-Handed|0.0|-2.0|3.0|-0.5|-2.0|0.0|0.44999999999999973
Varioussurfaces|Seeman J.|EST|Right-Handed|Larwig N.|DEU|Right-Handed|0.0|2.0|3.0|-0.5|-2.0|2.0|0.7999999999999998
grass|Fery A.|ITA|Right-Handed|Cox D.|AUS|Right-Handed|1.0||-108.0|5.5|15.0|-11.0|-0.9500000000000002
Varioussurfaces|Bonetto N.|AUS|Right-Handed|Cenoz J.|ARG|Right-Handed|0.0|-5.0|3.0|-0.5|-2.0|0.0|-1.3200000000000003
Varioussurfaces|Petrov V.|SRB|Right-Handed|Dica N.|ROU|Right-Handed|1.0||-3.0|0.5|2.0|-3.0|0.75
Varioussurfaces|Gaal C.|AUS|Right-Handed|Schiessl J.|BRA|Left-Handed|1.0||-3.0|0.5|2.0|6.0|0.44999999999999973
Varioussurfaces|Padgham E.|AUS|Right-Handed|Naumovski M.|AUS|Right-Handed|0.0|-6.0|3.0|-0.5|-2.0|0.0|-2.47
Varioussurfaces|Manzanera Pertusa A.|ESP|Right-Handed|Bonsach Ganley K.|DNK|Right-Handed|0.0|0.0|3.0|-0.5|-2.0|2.0|-2.38
Varioussurfaces|Schinas S.|GRC|Right-Handed|Todoroski M.|ITA|Right-Handed|0.0|10.0|3.0|-0.5|-2.0|3.0|-3.5599999999999996
Varioussurfaces|Woerndle M.|AUS|Right-Handed|Hibbert T.|AUS|Right-Handed|1.0||-3.0|0.5|2.0|-1.0|0.6200000000000001
Varioussurfaces|Talic Z.|AUS|Left-Handed|Filep A.|AUS|Right-Handed|0.0|6.0|3.0|-0.5|-2.0|7.0|-2.4000000000000004
clay|Sakamoto P.|BRA|Right-Handed|Barton H.|CZE|Right-Handed|1.0||-288.0|1.0|-5.0|11.0|1.26
Varioussurfaces|Pan Y.|CHN|Right-Handed|Jin Y.|CHN|Right-Handed|1.0||-3.0|0.5|2.0|0.0|1.8099999999999998
Varioussurfaces|Graziani M.|CHE|Right-Handed|Sevilla I.|ESP|Right-Handed|1.0||-3.0|0.5|2.0|2.0|5.45
Varioussurfaces|March C.|ECU|Right-Handed|Marquiselli V.|ARG|Right-Handed|0.0|3.0|3.0|-0.5|-2.0|3.0|-4.33
Varioussurfaces|Baldovinetti G.|ITA|Right-Handed|Iaconi J.|AUS|Right-Handed|1.0||-3.0|0.5|2.0|0.0|-0.44999999999999973
Varioussurfaces|Ferguson C.|AUS|Right-Handed|Vu H.|ITA|Right-Handed|0.0|1.0|3.0|-0.5|-2.0|4.0|-4.76
Varioussurfaces|Ciavarella N.|ITA|Right-Handed|Pieri S.|ITA|Right-Handed|1.0||-3.0|0.5|2.0|-2.0|1.98
Varioussurfaces|Kunsuwan N.|THA|Right-Handed|Taguchi R.|JPN|Right-Handed|1.0||-3.0|3.0|2.0|0.0|3.3099999999999996
Varioussurfaces|Fellin C.|ITA|Right-Handed|Radoman B.|SRB|Right-Handed|0.0|3.0|3.0|-0.5|-2.0|-1.0|-2.05
grass|Brouwer G.|NLD|Left-Handed|Kubler J.|AUS|Right-Handed|1.0||-281.0|-2.0|13.0|-3.0|1.4100000000000001
Varioussurfaces|Pavlovic O.|SRB|Right-Handed|Amirov D.|RUS|Right-Handed|1.0||-3.0|0.5|2.0|-3.0|0.0
Varioussurfaces|Rikkonen T.|FIN|Right-Handed|Kulakowski M.|POL|Right-Handed|0.0|2.0|3.0|-0.5|-2.0|-1.0|-0.75
Varioussurfaces|Voronin S.|RUS|Right-Handed|Popovic S.|DEU|Right-Handed|0.0|-4.0|3.0|-0.5|-2.0|1.0|0.94
Varioussurfaces|Goldsteiner P.|AUT|Right-Handed|Michalik R.|SVK|Right-Handed|1.0||-3.0|-12.0|-10.0|13.0|0.5
Varioussurfaces|Teboul L.|SRB|Right-Handed|Biggs J.|FIN|Right-Handed|1.0||-3.0|0.5|2.0|0.0|-0.44999999999999973
Varioussurfaces|Kang J.|KOR|Right-Handed|Baldwin S.|AUS|Right-Handed|0.0|5.0|3.0|-0.5|-2.0|2.0|-0.6200000000000001
Varioussurfaces|Holder C.|FRA|Right-Handed|Hansch Mauritzson F.|SWE|Right-Handed|1.0||-3.0|0.5|2.0|-5.0|0.0
Varioussurfaces|Domenech Castillo J.|ESP|Left-Handed|Baumgartner S.|CHE|Right-Handed|1.0||-3.0|0.5|2.0|-1.0|0.0
hard|Zhu E.|ITA|Right-Handed|Gojowczyk P.|DEU|Right-Handed|1.0||-176.0|-13.0|-3.0|-9.0|0.6400000000000001
grass|Whitehouse M.|AUS|Right-Handed|McCabe J.|AUS|Right-Handed|0.0|10.0|3.0|2.5|3.0|10.0|0.6500000000000001
clay|Dzumhur D.|ITA|Right-Handed|Skatov T.|KAZ|Right-Handed|1.0||-130.0|-5.0|2.0|9.0|0.6899999999999997
Varioussurfaces|Pohjola P.|FIN|Right-Handed|Veikkolainen Jansson S.|SWE|Right-Handed|1.0||-3.0|0.5|2.0|0.0|-3.4799999999999995
Varioussurfaces|Eerola O.|FIN|Right-Handed|Rapo R.|FIN|Right-Handed|0.0|4.0|3.0|-0.5|-2.0|3.0|-3.0500000000000003
Varioussurfaces|Yehorov V.|UKR|Right-Handed|Goldsteiner P.|AUT|Right-Handed|1.0||-3.0|12.5|12.0|-11.0|2.4000000000000004
Varioussurfaces|Julia Calac L.|DEU|Right-Handed|Estevez J.|ARG|Right-Handed|1.0||-3.0|0.5|2.0|2.0|4.33
Varioussurfaces|Sculley S.|ITA|Right-Handed|Bertran P.|AUS|Right-Handed|1.0||-3.0|0.5|2.0|-5.0|2.8200000000000003
Varioussurfaces|Watt J.|NZL|Right-Handed|Gorzny S.|AUS|Right-Handed|1.0||-3.0|0.5|2.0|4.0|-2.03
Varioussurfaces|Bird S.|NZL|Right-Handed|Blaydes B.|AUS|Right-Handed|1.0||-3.0|0.5|2.0|1.0|7.3100000000000005
Varioussurfaces|Bai Y.|CHN|Right-Handed|Xu W.|CHN|Right-Handed|0.0|16.0|-109.0|2.5|0.0|12.0|-7.8100000000000005
Varioussurfaces|Sakellaridis S.|GRC|Right-Handed|Matas Ortega X.|ESP|Right-Handed|0.0|0.0|3.0|-0.5|-2.0|-3.0|-1.2000000000000002
Varioussurfaces|Houban N.|MAR|Right-Handed|Giunta M.|ITA|Right-Handed|1.0||-3.0|0.5|2.0|0.0|1.9000000000000001
Varioussurfaces|Estevez J.|ARG|Right-Handed|Julia Calac L.|DEU|Right-Handed|0.0|0.0|3.0|-0.5|-2.0|-2.0|-4.33
Varioussurfaces|Esmail Yazdi H.|IRN|Right-Handed|Sharma A.|IND|Right-Handed|0.0|13.0|3.0|-0.5|-2.0|8.0|-3.24
Varioussurfaces|De Jonge D.|NLD|Right-Handed|Ginat R.|ISR|Right-Handed|0.0|1.0|3.0|-0.5|-2.0|2.0|2.03
Varioussurfaces|Chu S.|KOR|Right-Handed|Kim H.|KOR|Right-Handed|0.0|-6.0|3.0|-0.5|-2.0|-1.0|-7.0
Varioussurfaces|Zivkovic U.|SRB|Right-Handed|Liaonenka A.|BLR|Right-Handed|1.0||-3.0|0.5|2.0|-2.0|7.3100000000000005
Varioussurfaces|Brkic J.|HRV|Right-Handed|Schenekenberg G.|BRA|Right-Handed|0.0|9.0|3.0|-0.5|-2.0|2.0|0.0
Varioussurfaces|Goldsteiner P.|AUT|Right-Handed|Yehorov V.|UKR|Right-Handed|0.0|11.0|3.0|-12.5|-12.0|11.0|-2.4000000000000004
Varioussurfaces|Rogers A.|AUS|Right-Handed|Liokossis S.|CAN|Right-Handed|0.0|4.0|3.0|-0.5|-2.0|2.0|2.03
Varioussurfaces|Donarski S.|CAN|Right-Handed|Nortey I.|GHA|Right-Handed|1.0||-3.0|0.5|2.0|1.0|1.4499999999999997
Varioussurfaces|Bill A.|HRV|Right-Handed|Prammer J.|AUT|Right-Handed|0.0|-2.0|3.0|-0.5|-2.0|1.0|-1.9200000000000002
Varioussurfaces|Jin H.|KOR|Right-Handed|Hyun J.|KOR|Right-Handed|0.0|6.0|3.0|-0.5|-2.0|0.0|-2.8200000000000003
Varioussurfaces|Hajiloie Y.|IRN|Right-Handed|Dorofeev A.|FRA|Right-Handed|1.0||-3.0|0.5|2.0|0.0|3.24
Varioussurfaces|Antoni R.|DEU|Right-Handed|Gula P.|SVK|Right-Handed|0.0|-2.0|3.0|-0.5|-2.0|-4.0|-1.9000000000000001
Varioussurfaces|Paganetti V.|FRA|Right-Handed|Oliveira B.|BRA|Left-Handed|1.0||-3.0|0.5|2.0|0.0|2.3
Varioussurfaces|Salim R.|IDN|Right-Handed|Bhatnagar S.|IND|Right-Handed|1.0||-3.0|0.5|2.0|0.0|3.24
Varioussurfaces|Vladimirov E.|BGR|Right-Handed|Keisidis C.|GRC|Right-Handed|1.0||-3.0|0.5|2.0|-8.0|-3.4000000000000004
Varioussurfaces|Rapo R.|FIN|Right-Handed|Eerola O.|FIN|Right-Handed|1.0||-3.0|0.5|2.0|-3.0|3.0500000000000003
clay|Sachko V.|UKR|Right-Handed|Pucinelli De Almeida M.|BRA|Right-Handed|1.0||-141.0|-9.0|0.0|4.0|0.21999999999999997
Varioussurfaces|Grant W.|ITA|Right-Handed|Nad P.|SVK|Right-Handed|1.0||-3.0|0.5|2.0|3.0|-1.2600000000000002
Varioussurfaces|Bertran P.|AUS|Right-Handed|Sculley S.|ITA|Right-Handed|0.0|10.0|3.0|-0.5|-2.0|5.0|-2.8200000000000003
Varioussurfaces|Tiainen J.|FIN|Right-Handed|Hou Y.|AUS|Right-Handed|1.0||-3.0|0.5|2.0|2.0|-1.4699999999999998
grass|Murray A.|AUS|Right-Handed|Chung H.|KOR|Right-Handed|0.0|10.0|582.0|-6.0|2.0|9.0|-6.11
clay|Krutykh O.|UKR|Right-Handed|Topo M.|DEU|Right-Handed|1.0||245.0|0.5|2.0|4.0|-0.49
Varioussurfaces|Liokossis S.|CAN|Right-Handed|Rogers A.|AUS|Right-Handed|1.0||-3.0|0.5|2.0|-2.0|-2.03
Varioussurfaces|Adabjou A.|IRN|Right-Handed|Alkotop M.|JOR|Right-Handed|1.0||-3.0|0.5|2.0|-1.0|3.24
Varioussurfaces|Choe J.|KOR|Right-Handed|Heck C.|CAN|Right-Handed|0.0|-2.0|3.0|-0.5|-2.0|1.0|-2.33
Varioussurfaces|Corwin F.|AUS|Right-Handed|Sanchez Bronzetti E.|ESP|Right-Handed|0.0|7.0|3.0|4.5|3.0|5.0|-0.95
Varioussurfaces|Elia J.|AUS|Right-Handed|Ju Z.|CHN|Right-Handed|0.0|1.0|3.0|-0.5|-2.0|4.0|1.9799999999999998
Varioussurfaces|Alvarado Berrospi A.|PER|Right-Handed|Mazzola F.|ITA|Right-Handed|0.0|5.0|3.0|-0.5|-2.0|5.0|-2.3
Varioussurfaces|Busoms Puig J.|ESP|Right-Handed|Almasi A.|SVK|Right-Handed|0.0|2.0|3.0|-0.5|-2.0|0.0|-3.9
Varioussurfaces|Perera M.|AUS|Right-Handed|Bastiaansen P.|NLD|Right-Handed|0.0|1.0|3.0|-0.5|-2.0|1.0|-0.030000000000000027
Varioussurfaces|Bataljin L.|AUS|Right-Handed|Chauhan C.|IND|Right-Handed|0.0|4.0|3.0|-24.5|-17.0|3.0|-2.47
Varioussurfaces|Bastias F.|ARG|Right-Handed|Simon C.|ITA|Right-Handed|0.0|0.0|3.0|-0.5|-2.0|1.0|-2.38
grass|Clarke J.|ITA|Right-Handed|Saville L.|AUS|Right-Handed|1.0||120.0|-1.0|0.0|-4.0|-0.33999999999999986
Varioussurfaces|Oh C.|KOR|Right-Handed|Choe J.|KOR|Right-Handed|0.0|9.0|3.0|-5.5|-5.0|2.0|-1.29
Varioussurfaces|Tadic V.|ITA|Right-Handed|Jovanovic P.|MNE|Right-Handed|1.0||-3.0|0.5|2.0|2.0|0.0
Varioussurfaces|Bayldon B.|AUS|Left-Handed|Aitkulov A.|KAZ|Right-Handed|0.0|5.0|3.0|-0.5|-2.0|5.0|0.9200000000000002
hard|Walton A.|AUS|Right-Handed|Mukund S.|IND|Right-Handed|0.0|-3.0|181.0|-2.0|0.0|-2.0|-1.9799999999999998
Varioussurfaces|Lee J.|KOR|Right-Handed|Delaney J.|AUS|Right-Handed|1.0||-3.0|-2.5|-3.0|-1.0|1.29
Varioussurfaces|Humphries F.|ITA|Right-Handed|Zhang L.|CHN|Right-Handed|1.0||-3.0|0.5|2.0|-1.0|2.3
Varioussurfaces|Potter E.|CAN|Right-Handed|Chen D.|AUS|Right-Handed|1.0||-3.0|0.5|2.0|-2.0|1.9300000000000002
Varioussurfaces|Thompkins J.|ITA|Right-Handed|Jones A.|AUS|Right-Handed|1.0||11.0|0.5|2.0|2.0|-2.03
Varioussurfaces|Antinheimo O.|FIN|Right-Handed|Saidizand J.|SWE|Right-Handed|0.0|3.0|3.0|-0.5|-2.0|0.0|0.44999999999999973
Varioussurfaces|Vilicich B.|ARG|Right-Handed|Manukyan V.|RUS|Left-Handed|0.0|3.0|3.0|-0.5|-2.0|0.0|-3.4400000000000004
Varioussurfaces|Fernandez B.|BRA|Right-Handed|Nagoudi A.|TUN|Right-Handed|0.0|-6.0|3.0|-0.5|-2.0|-4.0|-7.3100000000000005
Varioussurfaces|Kusiewicz P.|POL|Right-Handed|Kremenchutskyi I.|UKR|Right-Handed|1.0||-3.0|0.5|2.0|3.0|2.83
Varioussurfaces|Agostini S.|ITA|Right-Handed|Mihailovic A.|SRB|Right-Handed|0.0|3.0|3.0|-0.5|-2.0|5.0|2.8200000000000003
Varioussurfaces|Blanch D.|AUS|Right-Handed|Alvarado P.|ECU|Right-Handed|0.0|-16.0|3.0|-0.5|-2.0|-14.0|-3.75
clay|Barton H.|CZE|Right-Handed|Sakamoto P.|BRA|Right-Handed|0.0|-12.0|288.0|-1.0|5.0|-11.0|-1.26
Varioussurfaces|Mustafin S.|RUS|Right-Handed|Luis T.|PRT|Right-Handed|1.0||-3.0|0.5|2.0|-3.0|7.3100000000000005
Varioussurfaces|Augunas J.|LTU|Right-Handed|Vaitiekunas P.|LTU|Right-Handed|1.0||-3.0|0.5|2.0|-2.0|7.3100000000000005
Varioussurfaces|Fernandez B.|BRA|Right-Handed|Zhang L.|CHN|Right-Handed|0.0|-3.0|3.0|-0.5|-2.0|-1.0|-0.5
Varioussurfaces|Salle F.|FRA|Right-Handed|Ross M.|ITA|Right-Handed|0.0|7.0|3.0|-0.5|-2.0|4.0|-1.81
Varioussurfaces|Van Sambeek F.|NLD|Left-Handed|Oliveira B.|BRA|Left-Handed|1.0||-3.0|0.5|2.0|-1.0|7.99
Varioussurfaces|Stuurman R.|NLD|Right-Handed|Van Baal A.|NLD|Right-Handed|0.0|1.0|3.0|-0.5|-2.0|0.0|-0.9199999999999999
Varioussurfaces|Hess S.|ARG|Right-Handed|Kisantal B.|HUN|Right-Handed|0.0|3.0|3.0|-0.5|-2.0|4.0|-5.45
clay|Valkusz M.|HUN|Right-Handed|Vrbensky M.|CZE|Right-Handed|0.0|1.0|-57.0|10.0|3.0|2.0|-3.0699999999999994
Varioussurfaces|Marquiselli V.|ARG|Right-Handed|March C.|ECU|Right-Handed|1.0||-3.0|0.5|2.0|-3.0|4.33
Varioussurfaces|Alami M.|MAR|Right-Handed|Goldberg Alviani N.|ESP|Right-Handed|1.0||-3.0|0.5|2.0|0.0|4.33
Varioussurfaces|Banthia S.|IND|Right-Handed|Bhangdia J.|AUS|Right-Handed|1.0||-3.0|0.5|2.0|-2.0|-3.0100000000000007
Varioussurfaces|Shanmugam A.|IND|Right-Handed|Yu C.|ITA|Right-Handed|0.0|-4.0|3.0|-4.0|-10.0|-4.0|-0.010000000000000009
grass|Svajda Z.|ITA|Right-Handed|Harris B.|AUS|Right-Handed|1.0||-124.0|-27.0|-16.0|-6.0|0.21999999999999997
Varioussurfaces|Petrovic D.|DEU|Right-Handed|Krajcik A.|SVK|Right-Handed|1.0||143.0|0.5|2.0|-3.0|6.47
Varioussurfaces|Boyd K.|AUS|Right-Handed|Guercio S.|ITA|Right-Handed|0.0|6.0|3.0|-0.5|-2.0|5.0|-2.3
Varioussurfaces|Nikolic M.|SRB|Right-Handed|Matuszewski G.|POL|Right-Handed|1.0||-3.0|0.5|2.0|-1.0|1.8299999999999998
Varioussurfaces|Lumanau C.|IDN|Right-Handed|Jovanovski N.|AUS|Right-Handed|0.0|-7.0|3.0|-0.5|-2.0|-4.0|0.8299999999999998
Varioussurfaces|Hansch Mauritzson F.|SWE|Right-Handed|Holder C.|FRA|Right-Handed|0.0|1.0|3.0|-0.5|-2.0|5.0|0.0
Varioussurfaces|Prasievi D.|ITA|Right-Handed|Bar Biryukov P.|RUS|Left-Handed|1.0||-3.0|0.5|2.0|-4.0|7.48
Varioussurfaces|Yazdani A.|IRN|Right-Handed|Jafar I.|IRN|Right-Handed|0.0|2.0|3.0|-0.5|-2.0|3.0|-3.24
Varioussurfaces|Jones A.|AUS|Right-Handed|Thompkins J.|ITA|Right-Handed|0.0|-3.0|-11.0|-0.5|-2.0|-2.0|2.03
Varioussurfaces|Kim D.|KOR|Right-Handed|Song W.|KOR|Right-Handed|0.0|1.0|3.0|-0.5|-2.0|2.0|-2.64
Varioussurfaces|Tyler J.|ITA|Right-Handed|Ji Z.|CHN|Right-Handed|1.0||-3.0|0.5|2.0|2.0|-2.03
Varioussurfaces|Rsovac D.|AUS|Right-Handed|Iaconi J.|AUS|Right-Handed|1.0||-3.0|0.5|2.0|1.0|7.3100000000000005
Varioussurfaces|Delaney J.|AUS|Right-Handed|Song M.|KOR|Right-Handed|1.0||-3.0|0.5|2.0|-9.0|1.29
Varioussurfaces|Gonzalez Fernandez M.|ESP|Right-Handed|Malirz K.|POL|Right-Handed|0.0|4.0|3.0|-0.5|-2.0|1.0|-5.45
Varioussurfaces|Figl M.|ITA|Right-Handed|Barun B.|HRV|Right-Handed|1.0||-3.0|0.5|2.0|-3.0|0.0
Varioussurfaces|Oliveira B.|BRA|Left-Handed|Van Sambeek F.|NLD|Left-Handed|0.0|-2.0|3.0|-0.5|-2.0|1.0|-7.99
hard|Boyer T.|ITA|Right-Handed|Copil M.|ROU|Right-Handed|1.0||193.0|-9.5|-8.0|-10.0|-0.7499999999999998
Varioussurfaces|Oliveira B.|BRA|Left-Handed|Paganetti V.|FRA|Right-Handed|0.0|0.0|3.0|-0.5|-2.0|0.0|-2.3
Varioussurfaces|Sergeyev I.|UKR|Right-Handed|Den Heijer G.|NLD|Right-Handed|0.0|10.0|-99.0|0.5|-10.0|9.0|1.06
Varioussurfaces|Ravichander I.|AUS|Right-Handed|Trhac P.|ITA|Right-Handed|0.0|5.0|3.0|-0.5|-2.0|-4.0|-1.25
Varioussurfaces|Waterbolk I.|NLD|Right-Handed|Vojinovic L.|SRB|Right-Handed|1.0||-3.0|0.5|2.0|-2.0|3.5599999999999996
Varioussurfaces|Militi Ribaldi A.|ITA|Right-Handed|Misasi G.|ITA|Right-Handed|0.0|2.0|3.0|-0.5|-2.0|2.0|-2.3
Varioussurfaces|Jong S.|NLD|Right-Handed|Al-Amin K.|DEU|Right-Handed|0.0|1.0|3.0|-0.5|-2.0|4.0|1.81
Varioussurfaces|Trhac P.|ITA|Right-Handed|Ravichander I.|AUS|Right-Handed|1.0||-3.0|0.5|2.0|4.0|1.25
Varioussurfaces|Blaydes B.|AUS|Right-Handed|Vaitiekunas P.|LTU|Right-Handed|0.0|-5.0|3.0|-0.5|-2.0|2.0|-1.39
Varioussurfaces|Bity I.|ISR|Right-Handed|Ivanov M.|BGR|Right-Handed|1.0||-3.0|0.5|2.0|0.0|-3.2500000000000004
Varioussurfaces|Lee S.|KOR|Left-Handed|Delaney J.|AUS|Right-Handed|1.0||-3.0|0.5|2.0|-4.0|3.75
Varioussurfaces|Karpinski T.|AUS|Right-Handed|Mehrotra A.|AUS|Right-Handed|0.0|-2.0|3.0|-0.5|-2.0|-4.0|4.14
Varioussurfaces|Pivnik O.|SVK|Right-Handed|Michalik R.|SVK|Right-Handed|1.0||-3.0|0.5|2.0|2.0|2.83
Varioussurfaces|Schiessl J.|BRA|Left-Handed|Gaal C.|AUS|Right-Handed|0.0|-5.0|3.0|-0.5|-2.0|-6.0|-0.44999999999999973
grass|Chung H.|KOR|Right-Handed|Murray A.|AUS|Right-Handed|1.0||-582.0|6.0|-2.0|-9.0|6.11
Varioussurfaces|Gulin S.|RUS|Right-Handed|Francisco L.|ESP|Right-Handed|0.0|-1.0|3.0|-0.5|-2.0|-2.0|-4.93
Varioussurfaces|Manzanera Pertusa A.|ESP|Right-Handed|Callejon Hernando S.|ESP|Right-Handed|0.0|2.0|3.0|-0.5|-2.0|2.0|-3.37
clay|Janvier M.|FRA|Right-Handed|Gerch L.|DEU|Left-Handed|1.0||-57.0|-6.0|0.0|-2.0|0.5
Varioussurfaces|Sharma A.|IND|Right-Handed|Esmail Yazdi H.|IRN|Right-Handed|1.0||-3.0|0.5|2.0|-8.0|3.24
grass|Kudla D.|AUS|Right-Handed|O'Connell C.|AUS|Right-Handed|0.0|3.0|-57.0|1.0|-3.0|2.0|0.2899999999999998
Varioussurfaces|Baldwin S.|AUS|Right-Handed|Kang J.|KOR|Right-Handed|1.0||-3.0|0.5|2.0|-2.0|0.6200000000000001
Varioussurfaces|Bhangdia J.|AUS|Right-Handed|Banthia S.|IND|Right-Handed|0.0|-6.0|3.0|-0.5|-2.0|2.0|3.0100000000000007
Varioussurfaces|Bredschneijder O.|NLD|Right-Handed|Van Zijl T.|NLD|Right-Handed|1.0||-3.0|0.5|2.0|1.0|0.030000000000000027
Varioussurfaces|Minasyan M.|SWE|Right-Handed|Henning B.|DEU|Right-Handed|1.0||-3.0|0.5|2.0|-4.0|2.4000000000000004
Varioussurfaces|Steiner M.|DEU|Right-Handed|Nielsen A.|ITA|Right-Handed|0.0|4.0|3.0|-0.5|-2.0|7.0|0.0
Varioussurfaces|Kleege W.|ITA|Right-Handed|Nakashima B.|AUS|Right-Handed|1.0||-633.0|0.5|2.0|-3.0|-2.03
Varioussurfaces|Dakhane R.|IND|Right-Handed|Sorensen L.|AUS|Right-Handed|1.0||118.0|0.5|2.0|-1.0|4.06
Varioussurfaces|Sakellaridis D.|GRC|Right-Handed|Planelles Ripoll G.|ESP|Right-Handed|1.0||-3.0|0.5|2.0|-3.0|3.04
clay|Guinard M.|FRA|Right-Handed|Mpetshi Perricard G.|FRA|Right-Handed|1.0||59.0|4.0|13.0|7.0|0.8799999999999999
Varioussurfaces|Ion N.|CAN|Right-Handed|Palovic L.|SVK|Right-Handed|1.0||-3.0|0.5|2.0|-2.0|5.45
Varioussurfaces|Amiri F.|ITA|Right-Handed|Cosnet C.|FRA|Right-Handed|1.0||-3.0|0.5|2.0|0.0|7.3100000000000005
Varioussurfaces|Simon C.|ITA|Right-Handed|Bastias F.|ARG|Right-Handed|1.0||-3.0|0.5|2.0|-1.0|2.38
Varioussurfaces|Grant W.|AUS|Right-Handed|Hnidets V.|UKR|Right-Handed|0.0|7.0|3.0|-0.5|-2.0|0.0|-3.9
Varioussurfaces|Hyun J.|KOR|Right-Handed|Jin H.|KOR|Right-Handed|1.0||-3.0|0.5|2.0|0.0|2.8200000000000003
Varioussurfaces|Alvarado P.|ECU|Right-Handed|Puig Molin D.|ESP|Right-Handed|0.0|17.0|3.0|-0.5|-2.0|11.0|-4.93
Varioussurfaces|Lanik T.|SVK|Right-Handed|Pavic S.|ITA|Right-Handed|0.0|-1.0|3.0|-0.5|-2.0|-5.0|-6.47
Varioussurfaces|Tirkkonen M.|FIN|Right-Handed|Koistila larsson K.|SWE|Right-Handed|1.0||-3.0|0.5|2.0|-2.0|4.93
Varioussurfaces|Kim J.|ITA|Right-Handed|Mareschal-Hay M.|CAN|Right-Handed|1.0||-3.0|0.5|2.0|0.0|1.9300000000000002
Varioussurfaces|Dica N.|ROU|Right-Handed|Petrov V.|SRB|Right-Handed|0.0|5.0|3.0|-0.5|-2.0|3.0|-0.75
Varioussurfaces|Claverie L.|ITA|Right-Handed|Svajda T.|AUS|Right-Handed|1.0||-3.0|0.5|2.0|3.0|-2.03
Varioussurfaces|Cho H.|KOR|Right-Handed|Lee J.|KOR|Right-Handed|0.0|5.0|3.0|-0.5|-2.0|5.0|0.51
Varioussurfaces|Strode E.|AUS|Left-Handed|Jones M.|ITA|Right-Handed|0.0|-5.0|3.0|-0.5|-2.0|-1.0|-1.25
Varioussurfaces|Blecha A.|CZE|Right-Handed|Dudun I.|UKR|Right-Handed|1.0||-3.0|0.5|2.0|1.0|0.44999999999999973
hard|Heide G.|BRA|Right-Handed|Escobedo E.|MEX|Right-Handed|0.0|-8.0|164.0|-5.0|-2.0|-6.0|2.43
Varioussurfaces|Revelli G.|ITA|Right-Handed|Eriksson Ziverts J.|SWE|Right-Handed|1.0||-3.0|2.5|0.0|-3.0|1.25
Varioussurfaces|Krolo F.|DEU|Right-Handed|Krstic V.|SRB|Right-Handed|1.0||-3.0|0.5|2.0|2.0|-1.53
Varioussurfaces|Thurner N.|DEU|Right-Handed|Jaricevskis R.|LVA|Right-Handed|1.0||-3.0|0.5|2.0|2.0|0.95
Varioussurfaces|Almasi A.|SVK|Right-Handed|Busoms Puig J.|ESP|Right-Handed|1.0||-3.0|0.5|2.0|0.0|3.9
hard|Escobedo E.|MEX|Right-Handed|Heide G.|BRA|Right-Handed|1.0||-164.0|5.0|2.0|6.0|-2.43
Varioussurfaces|Sheikh M.|IND|Right-Handed|Saritas G.|TUR|Right-Handed|1.0||-3.0|0.5|2.0|2.0|3.24
Varioussurfaces|Sklenka V.|CZE|Right-Handed|Cundom J.|ARG|Right-Handed|1.0||-3.0|0.5|2.0|0.0|0.3999999999999999
Varioussurfaces|Seleznev B.|RUS|Right-Handed|Barr E.|ITA|Right-Handed|0.0|0.0|3.0|-0.5|-2.0|0.0|-0.95
Varioussurfaces|Landini J.|ITA|Right-Handed|Moroni F.|ITA|Right-Handed|1.0||-3.0|0.5|2.0|0.0|1.9000000000000001
Varioussurfaces|Alarcon B.|ARG|Right-Handed|Filar K.|POL|Right-Handed|1.0||-3.0|0.5|2.0|-2.0|0.0
Varioussurfaces|Kremenchutskyi I.|UKR|Right-Handed|Minarik K.|SVK|Right-Handed|1.0||-3.0|0.5|2.0|-3.0|0.5
Varioussurfaces|Susanto D.|IDN|Right-Handed|Garcia Longo N.|ARG|Right-Handed|0.0|15.0|3.0|-0.5|-2.0|14.0|-3.21
Varioussurfaces|Michalik R.|SVK|Right-Handed|Goldsteiner P.|AUT|Right-Handed|0.0|-11.0|3.0|12.0|10.0|-13.0|-0.5
Varioussurfaces|Capacci C.|ITA|Right-Handed|Zanada E.|ITA|Right-Handed|0.0|-4.0|3.0|-0.5|-2.0|-4.0|-7.3100000000000005
Varioussurfaces|Vilaca F.|PRT|Right-Handed|Blanch D.|AUS|Right-Handed|1.0||-3.0|0.5|2.0|-2.0|0.0
clay|Kuzmanov D.|BGR|Right-Handed|Pokorny L.|SVK|Right-Handed|0.0|11.0|-41.0|-0.5|8.0|9.0|-2.7800000000000002
Varioussurfaces|Biggs J.|FIN|Right-Handed|Teboul L.|SRB|Right-Handed|0.0|-1.0|3.0|-0.5|-2.0|0.0|0.44999999999999973
Varioussurfaces|Bastiaansen P.|NLD|Right-Handed|Perera M.|AUS|Right-Handed|1.0||-3.0|0.5|2.0|-1.0|0.030000000000000027
clay|Etcheverry T.|ARG|Right-Handed|Nishioka Y.|JPN|Left-Handed|0.0|-3.0|-261.0|18.0|26.0|-3.0|-3.1199999999999997
Varioussurfaces|Djokic A.|ITA|Right-Handed|Basic N.|HRV|Right-Handed|1.0||-3.0|0.5|2.0|-1.0|5.45
Varioussurfaces|Sevilla I.|ESP|Right-Handed|Rodenas P.|ESP|Left-Handed|1.0||-3.0|0.5|2.0|-2.0|7.21
Varioussurfaces|Alazmeh T.|DEU|Right-Handed|Postay A.|ARG|Right-Handed|0.0|-4.0|3.0|-0.5|-2.0|-7.0|-0.95
grass|McCabe J.|AUS|Right-Handed|Whitehouse M.|AUS|Right-Handed|1.0||-3.0|-2.5|-3.0|-10.0|-0.6500000000000001
clay|Svrcina D.|CZE|Right-Handed|Darderi L.|ITA|Right-Handed|0.0|2.0|-72.0|-9.5|-7.0|-1.0|-0.4500000000000002
clay|Vrbensky M.|CZE|Right-Handed|Valkusz M.|HUN|Right-Handed|1.0||57.0|-10.0|-3.0|-2.0|3.0699999999999994
Varioussurfaces|Schubert H.|CHL|Right-Handed|Giovannini U.|ITA|Right-Handed|0.0|-4.0|3.0|-0.5|-2.0|-2.0|-1.39
Varioussurfaces|Bonsach Ganley K.|DNK|Right-Handed|Manzanera Pertusa A.|ESP|Right-Handed|1.0||-3.0|0.5|2.0|-2.0|2.38
Varioussurfaces|Kobierski J.|AUT|Right-Handed|Pogosian S.|RUS|Right-Handed|1.0||-3.0|0.5|2.0|-6.0|1.09
Varioussurfaces|Kang J.|KOR|Right-Handed|Chu S.|KOR|Right-Handed|1.0||-3.0|0.5|2.0|0.0|3.04
Varioussurfaces|Hollender N.|ARG|Right-Handed|Naharro D.|ESP|Right-Handed|0.0|1.0|3.0|-0.5|-2.0|1.0|-1.09
Varioussurfaces|Hopper J.|AUS|Right-Handed|Stearns P.|ITA|Left-Handed|0.0|1.0|3.0|-0.5|-2.0|4.0|0.050000000000000044
Varioussurfaces|Jin H.|KOR|Right-Handed|Cho H.|KOR|Right-Handed|1.0||-3.0|0.5|2.0|-4.0|1.29
Varioussurfaces|Liu S.|CHN|Right-Handed|Han X.|CHN|Right-Handed|0.0|6.0|3.0|-0.5|-2.0|4.0|-2.32
Varioussurfaces|Lehmann N.|ARG|Left-Handed|Caldes J.|ESP|Right-Handed|0.0|-5.0|3.0|-0.5|-2.0|-4.0|-1.9000000000000001
Varioussurfaces|Matas Ortega X.|ESP|Right-Handed|Sakellaridis S.|GRC|Right-Handed|1.0||-3.0|0.5|2.0|3.0|1.2000000000000002
Varioussurfaces|Borisiouk M.|BLR|Right-Handed|Jadoun N.|FRA|Right-Handed|1.0||-3.0|5.0|8.0|2.0|2.3
Varioussurfaces|Mbithi M.|AUS|Right-Handed|Czaczkowski P.|POL|Right-Handed|0.0|9.0|3.0|-2.5|15.0|7.0|-5.27
clay|Santillan A.|AUS|Right-Handed|Gavrielides L.|DEU|Right-Handed|0.0|8.0|17.0|0.5|-5.0|7.0|-1.2800000000000002
Varioussurfaces|Saidizand J.|SWE|Right-Handed|Antinheimo O.|FIN|Right-Handed|1.0||-3.0|0.5|2.0|0.0|-0.44999999999999973
Varioussurfaces|Yoon S.|KOR|Right-Handed|Song M.|KOR|Right-Handed|1.0||-3.0|0.5|2.0|-17.0|8.23
Varioussurfaces|Dumitru A.|ROU|Right-Handed|Velcz Z.|HUN|Left-Handed|1.0||-3.0|0.5|2.0|-1.0|3.9
Varioussurfaces|Ponchet M.|FRA|Left-Handed|Alcala Gurri M.|ESP|Right-Handed|1.0||-3.0|0.5|2.0|-1.0|5.4399999999999995
Varioussurfaces|Hulme M.|AUS|Right-Handed|Stroemberg I.|SWE|Right-Handed|0.0|2.0|3.0|-0.5|-2.0|4.0|0.0
Varioussurfaces|Zhang L.|CHN|Right-Handed|Humphries F.|ITA|Right-Handed|0.0|4.0|3.0|-0.5|-2.0|1.0|-2.3
clay|Gavrielides L.|DEU|Right-Handed|Santillan A.|AUS|Right-Handed|1.0||-17.0|-0.5|5.0|-7.0|1.2800000000000002
Varioussurfaces|Alopaeus M.|FIN|Right-Handed|Ambarzumjan E.|DEU|Right-Handed|1.0||-3.0|0.5|2.0|-5.0|4.93
Varioussurfaces|Razavi A.|IRN|Right-Handed|Badi A.|IRN|Right-Handed|1.0||-3.0|0.5|2.0|1.0|3.24
Varioussurfaces|Cekirge K.|TUR|Right-Handed|Avdieiev A.|UKR|Right-Handed|1.0||-3.0|0.5|2.0|1.0|5.45
Varioussurfaces|Delaney J.|AUS|Right-Handed|Lee S.|KOR|Left-Handed|0.0|9.0|3.0|-0.5|-2.0|4.0|-3.75
Varioussurfaces|Amirov D.|RUS|Right-Handed|Pavlovic O.|SRB|Right-Handed|0.0|7.0|3.0|-0.5|-2.0|3.0|0.0
Varioussurfaces|Montakhab A.|IRN|Right-Handed|Chaurasia Y.|IND|Right-Handed|1.0||-3.0|0.5|2.0|13.0|3.24
Varioussurfaces|Bagnolini D.|ITA|Right-Handed|Marchetti F.|ITA|Right-Handed|0.0|-4.0|3.0|-0.5|-2.0|-2.0|-1.16
Varioussurfaces|Sakellaridis S.|GRC|Right-Handed|Vives Marcos P.|ESP|Right-Handed|0.0|-2.0|3.0|-0.5|-2.0|-4.0|1.53
Varioussurfaces|Kurniawan L.|IDN|Right-Handed|Crowther C.|NZL|Right-Handed|1.0||-3.0|0.5|2.0|2.0|3.74
hard|Ficovich J.|ARG|Right-Handed|Bolt A.|AUS|Left-Handed|1.0||-127.0|-6.0|8.0|-4.0|-0.019999999999999796
Varioussurfaces|Puskar S.|SVK|Right-Handed|Bakovic D.|ITA|Right-Handed|0.0|5.0|3.0|-0.5|-2.0|4.0|-6.47
Varioussurfaces|Wattanakul P.|THA|Right-Handed|Yin B.|ITA|Right-Handed|0.0|4.0|3.0|-0.5|-2.0|4.0|1.75
clay|Orlov V.|UKR|Right-Handed|Fanselow S.|DEU|Right-Handed|1.0||-3.0|0.0|2.0|-3.0|0.98
Varioussurfaces|Schiffman E.|ITA|Right-Handed|Maginley H.|ATG|Right-Handed|1.0||-3.0|-10.5|-8.0|-6.0|1.25
Varioussurfaces|Zhao Z.|CHN|Right-Handed|Zhuo S.|CHN|Right-Handed|0.0|2.0|3.0|-0.5|-2.0|-1.0|-2.8200000000000003
Varioussurfaces|Den Heijer G.|NLD|Right-Handed|Sergeyev I.|UKR|Right-Handed|1.0||99.0|-0.5|10.0|-9.0|-1.06
Varioussurfaces|Spiridon D.|ITA|Right-Handed|Banti C.|ITA|Right-Handed|0.0|2.0|3.0|-0.5|-2.0|0.0|-2.3
Varioussurfaces|Khoshkholgh M.|IRN|Right-Handed|Stater A.|AUS|Right-Handed|1.0||-3.0|0.5|2.0|-1.0|3.24
Varioussurfaces|Ji Z.|CHN|Right-Handed|Tyler J.|ITA|Right-Handed|0.0|-7.0|3.0|-0.5|-2.0|-2.0|2.03
Varioussurfaces|Van Sambeek F.|NLD|Left-Handed|Bronka A.|AUS|Right-Handed|0.0|-6.0|3.0|-0.5|-2.0|-2.0|-2.3
Varioussurfaces|Chauhan C.|IND|Right-Handed|Bataljin L.|AUS|Right-Handed|1.0||-3.0|24.5|17.0|-3.0|2.47
Varioussurfaces|Alcala Gurri M.|ESP|Right-Handed|Ponchet M.|FRA|Left-Handed|0.0|3.0|3.0|-0.5|-2.0|1.0|-5.4399999999999995
Varioussurfaces|Ross M.|ITA|Right-Handed|Salle F.|FRA|Right-Handed|1.0||-3.0|0.5|2.0|-4.0|1.81
Varioussurfaces|Kepadkho A.|IRN|Right-Handed|Ivanov S.|RUS|Right-Handed|1.0||-3.0|0.5|2.0|-1.0|3.24
Varioussurfaces|Fita Juan S.|ESP|Right-Handed|Alcala Gurri M.|ESP|Right-Handed|1.0||-3.0|0.5|2.0|2.0|6.71
Varioussurfaces|Callejon Hernando S.|ESP|Right-Handed|Manzanera Pertusa A.|ESP|Right-Handed|1.0||-3.0|0.5|2.0|-2.0|3.37
Varioussurfaces|Ashjari P.|IRN|Right-Handed|Moazam M.|IRN|Right-Handed|1.0||-3.0|0.5|2.0|0.0|3.24
Varioussurfaces|Filep A.|AUS|Right-Handed|Talic Z.|AUS|Left-Handed|1.0||-3.0|0.5|2.0|-7.0|2.4000000000000004
grass|O'Connell C.|AUS|Right-Handed|Kudla D.|AUS|Right-Handed|1.0||57.0|-1.0|3.0|-2.0|-0.2899999999999998
clay|Casanova H.|ARG|Right-Handed|Marozsan F.|HUN|Right-Handed|1.0||-294.0|-1.0|-5.0|6.0|3.0300000000000002
Varioussurfaces|D'Agostino S.|ITA|Right-Handed|Di Nicola G.|ITA|Right-Handed|1.0||-3.0|0.5|2.0|-8.0|1.7099999999999997
Varioussurfaces|Liaonenka A.|BLR|Right-Handed|Zivkovic U.|SRB|Right-Handed|0.0|9.0|3.0|-0.5|-2.0|2.0|-7.3100000000000005
Varioussurfaces|Kulakowski M.|POL|Right-Handed|Rikkonen T.|FIN|Right-Handed|1.0||-3.0|0.5|2.0|1.0|0.75
clay|Zverev A.|DEU|Right-Handed|Dimitrov G.|BGR|Right-Handed|0.0|-4.0|175.0|9.0|7.0|-6.0|-1.4400000000000002
Varioussurfaces|Bronka A.|AUS|Right-Handed|Van Sambeek F.|NLD|Left-Handed|1.0||-3.0|0.5|2.0|2.0|2.3
Varioussurfaces|Quan R.|ITA|Right-Handed|Murali R.|AUS|Right-Handed|1.0||-3.0|0.5|2.0|-5.0|-1.81
Varioussurfaces|Di Nicola G.|ITA|Right-Handed|D'Agostino S.|ITA|Right-Handed|0.0|7.0|3.0|-0.5|-2.0|8.0|-1.7099999999999997
Varioussurfaces|Tiainen H.|FIN|Right-Handed|Troost S.|EST|Right-Handed|1.0||-3.0|0.5|2.0|0.0|2.4000000000000004
Varioussurfaces|Dong J.|AUS|Right-Handed|Ji Y.|CHN|Right-Handed|0.0|-2.0|3.0|-0.5|-2.0|-5.0|1.2700000000000002
Varioussurfaces|Zheng Y.|CHN|Right-Handed|Gu J.|CHN|Right-Handed|1.0||-3.0|0.5|2.0|2.0|-0.5
Varioussurfaces|Ivanov S.|RUS|Right-Handed|Kepadkho A.|IRN|Right-Handed|0.0|-1.0|3.0|-0.5|-2.0|1.0|-3.24
Varioussurfaces|Antonopoulos C.|GRC|Right-Handed|Smiljanic A.|SRB|Right-Handed|0.0|10.0|3.0|-0.5|-2.0|7.0|-5.609999999999999
Varioussurfaces|Basic N.|HRV|Right-Handed|Djokic A.|ITA|Right-Handed|0.0|0.0|3.0|-0.5|-2.0|1.0|-5.45
Varioussurfaces|Torres Fernandez B.|CHL|Right-Handed|Jovic V.|SRB|Right-Handed|1.0||-3.0|0.5|2.0|-2.0|4.33
Varioussurfaces|Simhadri S.|ITA|Right-Handed|Dzhavakian Y.|UKR|Right-Handed|1.0||-3.0|0.5|2.0|-4.0|3.24
Varioussurfaces|Han X.|CHN|Right-Handed|Liu S.|CHN|Right-Handed|1.0||-3.0|0.5|2.0|-4.0|2.32
Varioussurfaces|Dessi M.|ITA|Right-Handed|Ferrari F.|ITA|Right-Handed|0.0|-3.0|3.0|-0.5|-2.0|-4.0|0.9299999999999999
clay|Nishioka Y.|JPN|Left-Handed|Etcheverry T.|ARG|Right-Handed|1.0||261.0|-18.0|-26.0|3.0|3.1199999999999997
Varioussurfaces|Kim D.|KOR|Right-Handed|Lee J.|KOR|Right-Handed|1.0||-3.0|0.5|2.0|-2.0|-1.3800000000000001
Varioussurfaces|Jadoun N.|FRA|Right-Handed|Borisiouk M.|BLR|Right-Handed|0.0|-6.0|3.0|-5.0|-8.0|-2.0|-2.3
Varioussurfaces|Krapivin M.|RUS|Right-Handed|Ratti L.|ARG|Right-Handed|1.0||-3.0|0.5|2.0|4.0|2.5100000000000002
Varioussurfaces|Jovanovski N.|AUS|Right-Handed|Lumanau C.|IDN|Right-Handed|1.0||-3.0|0.5|2.0|4.0|-0.8299999999999998
Varioussurfaces|Sorensen L.|AUS|Right-Handed|Dakhane R.|IND|Right-Handed|0.0|-1.0|-118.0|-0.5|-2.0|1.0|-4.06
Varioussurfaces|Denisov I.|RUS|Right-Handed|Pasanen E.|FIN|Right-Handed|0.0|8.0|3.0|-0.5|-2.0|5.0|-5.45
Varioussurfaces|Misasi G.|ITA|Right-Handed|Militi Ribaldi A.|ITA|Right-Handed|1.0||-3.0|0.5|2.0|-2.0|2.3
Varioussurfaces|Xu W.|CHN|Right-Handed|Bai Y.|CHN|Right-Handed|1.0||109.0|-2.5|0.0|-12.0|7.8100000000000005
Varioussurfaces|Barreiros Reyes M.|BRA|Left-Handed|Martin J.|ITA|Left-Handed|0.0|-3.0|3.0|-0.5|-2.0|-3.0|-4.33
Varioussurfaces|Oh C.|KOR|Right-Handed|Okamura I.|JPN|Right-Handed|0.0|-1.0|3.0|4.0|10.0|-6.0|1.06
Varioussurfaces|Djokic M.|ITA|Right-Handed|Simundza J.|HRV|Left-Handed|1.0||-3.0|0.5|2.0|4.0|6.47
Varioussurfaces|Ginat R.|ISR|Right-Handed|De Jonge D.|NLD|Right-Handed|1.0||-3.0|0.5|2.0|-2.0|-2.03
Varioussurfaces|Stroemberg I.|SWE|Right-Handed|Hulme M.|AUS|Right-Handed|1.0||-3.0|0.5|2.0|-4.0|0.0
Varioussurfaces|Rohseano L.|AUT|Right-Handed|Simonit E.|ARG|Right-Handed|1.0||-3.0|0.5|2.0|-1.0|4.93
Varioussurfaces|Pel S.|NLD|Right-Handed|Van Der Kooij A.|NLD|Right-Handed|0.0|-2.0|3.0|-0.5|-2.0|-1.0|1.81
Varioussurfaces|Vaitiekunas P.|LTU|Right-Handed|Blaydes B.|AUS|Right-Handed|1.0||-3.0|0.5|2.0|-2.0|1.39
Varioussurfaces|Giovannini U.|ITA|Right-Handed|Schubert H.|CHL|Right-Handed|1.0||-3.0|0.5|2.0|2.0|1.39
Varioussurfaces|Marchetti F.|ITA|Right-Handed|Bagnolini D.|ITA|Right-Handed|1.0||-3.0|0.5|2.0|2.0|1.16
Varioussurfaces|Avdieiev A.|UKR|Right-Handed|Cekirge K.|TUR|Right-Handed|0.0|-7.0|3.0|-0.5|-2.0|-1.0|-5.45
Varioussurfaces|Velcz Z.|HUN|Left-Handed|Dudun I.|UKR|Right-Handed|0.0|-6.0|3.0|-0.5|-2.0|-4.0|-1.9000000000000001
Varioussurfaces|Cigarran T.|ARG|Right-Handed|Siddiqui A.|IND|Right-Handed|0.0|3.0|3.0|-0.5|-2.0|2.0|-2.4000000000000004
Varioussurfaces|Benchakroun M.|MAR|Right-Handed|Mouilleron Salvo M.|ARG|Right-Handed|0.0|-2.0|3.0|-0.5|-2.0|-1.0|0.0
clay|Dellien H.|BOL|Right-Handed|Munar J.|ESP|Right-Handed|1.0||-350.0|-1.0|-3.0|4.0|0.74
Varioussurfaces|Danic L.|SRB|Right-Handed|Micov S.|AUS|Right-Handed|1.0||-3.0|0.5|2.0|-9.0|4.23
Varioussurfaces|Song W.|KOR|Right-Handed|Hwang J.|KOR|Right-Handed|0.0|4.0|3.0|-0.5|-2.0|0.0|0.43000000000000016
grass|Wendelken H.|AUS|Right-Handed|Herbert P.|FRA|Right-Handed|0.0|-11.0|3.0|2.0|-5.0|-11.0|2.8499999999999996
Varioussurfaces|Minarik K.|SVK|Right-Handed|Krischke A.|CZE|Right-Handed|0.0|5.0|3.0|-0.5|-2.0|2.0|-2.83
hard|Statham R.|NZL|Right-Handed|Chappell N.|AUS|Left-Handed|1.0||-61.0|-2.0|0.0|6.0|-0.7699999999999998
Varioussurfaces|Popovic S.|DEU|Right-Handed|Voronin S.|RUS|Right-Handed|1.0||-3.0|0.5|2.0|-1.0|-0.94
Varioussurfaces|Galus P.|POL|Right-Handed|Gregg P.|ITA|Right-Handed|0.0|0.0|3.0|-0.5|-2.0|-1.0|2.03
Varioussurfaces|Choe J.|KOR|Right-Handed|Oh C.|KOR|Right-Handed|1.0||-3.0|5.5|5.0|-2.0|1.29
Varioussurfaces|Song M.|KOR|Right-Handed|Delaney J.|AUS|Right-Handed|0.0|5.0|3.0|-0.5|-2.0|9.0|-1.29
Varioussurfaces|Guercio S.|ITA|Right-Handed|Boyd K.|AUS|Right-Handed|1.0||-3.0|0.5|2.0|-5.0|2.3
Varioussurfaces|Bakovic D.|ITA|Right-Handed|Puskar S.|SVK|Right-Handed|1.0||-3.0|0.5|2.0|-4.0|6.47
Varioussurfaces|Ng K.|HKG|Right-Handed|Konowczuk W.|UKR|Right-Handed|1.0||-3.0|0.5|2.0|0.0|1.29
Varioussurfaces|Van Zijl T.|NLD|Right-Handed|Bredschneijder O.|NLD|Right-Handed|0.0|1.0|3.0|-0.5|-2.0|-1.0|-0.030000000000000027
Varioussurfaces|Solanki A.|IND|Right-Handed|Ganesh M.|IND|Right-Handed|1.0||-3.0|0.5|2.0|2.0|3.24
Varioussurfaces|Mujakic A.|DEU|Right-Handed|Stakusic M.|CAN|Left-Handed|1.0||-3.0|0.5|2.0|0.0|5.45
clay|Topo M.|DEU|Right-Handed|Krutykh O.|UKR|Right-Handed|0.0|-4.0|-245.0|-0.5|-2.0|-4.0|0.49
Varioussurfaces|Bogo E.|BRA|Right-Handed|Bessonov D.|RUS|Right-Handed|0.0|12.0|3.0|-0.5|-2.0|6.0|-2.4000000000000004
Varioussurfaces|Alekseychuk A.|RUS|Right-Handed|Zima L.|DEU|Right-Handed|1.0||-3.0|0.5|2.0|-5.0|0.0
Varioussurfaces|Kim B.|KOR|Right-Handed|Kim D.|KOR|Right-Handed|1.0||-3.0|0.5|2.0|4.0|7.99
Varioussurfaces|Szoke A.|HUN|Right-Handed|Krajci M.|SVK|Right-Handed|1.0||-3.0|0.5|2.0|4.0|3.4799999999999995
Varioussurfaces|Agushi M.|ITA|Right-Handed|Graf D.|DEU|Right-Handed|1.0||-3.0|0.5|2.0|-5.0|7.15
Varioussurfaces|Chibani M.|TUN|Right-Handed|Friend J.|JPN|Right-Handed|1.0||-3.0|0.5|2.0|-3.0|7.3100000000000005
Varioussurfaces|Velcz Z.|HUN|Left-Handed|Dumitru A.|ROU|Right-Handed|0.0|1.0|3.0|-0.5|-2.0|1.0|-3.9
grass|Peniston R.|AUS|Left-Handed|Vesely J.|CZE|Left-Handed|0.0|-3.0|299.0|-19.0|-15.0|-3.0|0.4700000000000002
Varioussurfaces|Kim D.|KOR|Right-Handed|Yu J.|KOR|Right-Handed|1.0||-3.0|0.5|2.0|0.0|5.9399999999999995
Varioussurfaces|Strode I.|AUS|Right-Handed|Clark M.|ITA|Right-Handed|0.0|9.0|3.0|-2.5|-2.0|3.0|1.81
Varioussurfaces|Novakovic N.|SRB|Right-Handed|Romano G.|ARG|Right-Handed|0.0|0.0|3.0|-0.5|-2.0|1.0|-2.3499999999999996
clay|Squire H.|DEU|Right-Handed|Moraing M.|DEU|Left-Handed|0.0|-7.0|-72.0|-7.0|-15.0|-9.0|-0.16999999999999993
Varioussurfaces|Chu S.|KOR|Right-Handed|Kang J.|KOR|Right-Handed|0.0|-5.0|3.0|-0.5|-2.0|0.0|-3.04
Varioussurfaces|Gula P.|SVK|Right-Handed|Antoni R.|DEU|Right-Handed|1.0||-3.0|0.5|2.0|4.0|1.9000000000000001
Varioussurfaces|Habib A.|AUS|Right-Handed|Warik C.|IND|Right-Handed|0.0|6.0|3.0|-0.5|-2.0|-2.0|-2.6400000000000006
Varioussurfaces|Saritas G.|TUR|Right-Handed|Sheikh M.|IND|Right-Handed|0.0|-1.0|3.0|-0.5|-2.0|-2.0|-3.24
Varioussurfaces|Ghavam A.|IRN|Right-Handed|Singh J.|IND|Left-Handed|1.0||-3.0|0.5|2.0|-10.0|3.24
